 DENS, T, fainum_exp
  0.100E+11  0.250E+04  0.791E+13
 lAMBDA, n, np
  0.867E+04  0.300E+01  0.130E+02

  0.000E+00  0.663E-13  0.455E-12  0.282E+18
  0.630E+09  0.663E-13  0.455E-12  0.282E+18
  0.998E+09  0.663E-13  0.455E-12  0.282E+18
  0.158E+10  0.663E-13  0.455E-12  0.282E+18
  0.251E+10  0.663E-13  0.455E-12  0.282E+18
  0.397E+10  0.663E-13  0.455E-12  0.282E+18
  0.630E+10  0.663E-13  0.455E-12  0.282E+18
  0.998E+10  0.663E-13  0.455E-12  0.282E+18
  0.158E+11  0.663E-13  0.455E-12  0.282E+18
  0.251E+11  0.663E-13  0.455E-12  0.282E+18
  0.397E+11  0.663E-13  0.454E-12  0.282E+18
  0.630E+11  0.663E-13  0.453E-12  0.282E+18
  0.998E+11  0.663E-13  0.449E-12  0.282E+18
  0.158E+12  0.663E-13  0.442E-12  0.282E+18
  0.251E+12  0.662E-13  0.422E-12  0.282E+18
  0.397E+12  0.662E-13  0.380E-12  0.282E+18
  0.629E+12  0.659E-13  0.298E-12  0.282E+18
  0.996E+12  0.654E-13  0.181E-12  0.282E+18
  0.158E+13  0.639E-13  0.786E-13  0.282E+18
  0.249E+13  0.606E-13  0.265E-13  0.282E+18
  0.393E+13  0.529E-13  0.829E-14  0.282E+18
  0.619E+13  0.380E-13  0.262E-14  0.282E+18
  0.972E+13  0.168E-13  0.848E-15  0.282E+18
  0.152E+14  0.240E-14  0.280E-15  0.282E+18
  0.235E+14  0.145E-15  0.966E-16  0.282E+18
  0.359E+14  0.386E-16  0.343E-16  0.282E+18
  0.539E+14  0.132E-16  0.126E-16  0.282E+18
  0.788E+14  0.503E-17  0.493E-17  0.282E+18
  0.888E+14  0.378E-17  0.372E-17  0.282E+18
  0.111E+15  0.212E-17  0.210E-17  0.282E+18
  0.132E+15  0.137E-17  0.136E-17  0.282E+18
  0.191E+15  0.539E-18  0.537E-18  0.282E+18
  0.219E+15  0.388E-18  0.387E-18  0.282E+18
  0.323E+15  0.145E-18  0.145E-18  0.282E+18
  0.462E+15  0.592E-19  0.591E-19  0.282E+18
  0.539E+15  0.406E-19  0.406E-19  0.282E+18
  0.788E+15  0.156E-19  0.156E-19  0.282E+18
  0.888E+15  0.117E-19  0.117E-19  0.282E+18
  0.111E+16  0.662E-20  0.662E-20  0.282E+18
  0.132E+16  0.430E-20  0.430E-20  0.282E+18
  0.191E+16  0.170E-20  0.170E-20  0.282E+18
  0.219E+16  0.123E-20  0.123E-20  0.282E+18
  0.323E+16  0.452E-21  0.452E-21  0.282E+18
  0.462E+16  0.195E-21  0.195E-21  0.282E+18
  0.539E+16  0.133E-21  0.133E-21  0.282E+18
  0.788E+16  0.512E-22  0.512E-22  0.282E+18
  0.888E+16  0.379E-22  0.379E-22  0.282E+18
  0.111E+17  0.216E-22  0.216E-22  0.282E+18
  0.132E+17  0.140E-22  0.140E-22  0.282E+18
  0.191E+17  0.557E-23  0.557E-23  0.282E+18
  0.219E+17  0.397E-23  0.397E-23  0.282E+18
  0.266E+17  0.244E-23  0.244E-23  0.282E+18
  0.323E+17  0.150E-23  0.150E-23  0.282E+18
  0.462E+17  0.614E-24  0.614E-24  0.282E+18
  0.539E+17  0.418E-24  0.418E-24  0.282E+18
  0.634E+17  0.279E-24  0.279E-24  0.282E+18
  0.788E+17  0.162E-24  0.162E-24  0.282E+18
  0.111E+18  0.684E-25  0.684E-25  0.282E+18
