 DENS, T, fainum_exp
  0.100E+11  0.250E+04  0.791E+13
 lAMBDA, n, np
  0.867E+04  0.300E+01  0.130E+02
 58
  0.000E+00  0.000E+00  0.718E-10  0.493E-09
  0.146E-04  0.582E+06  0.718E-10  0.493E-09
  0.231E-04  0.922E+06  0.718E-10  0.493E-09
  0.366E-04  0.146E+07  0.718E-10  0.493E-09
  0.580E-04  0.232E+07  0.718E-10  0.493E-09
  0.920E-04  0.367E+07  0.718E-10  0.493E-09
  0.146E-03  0.582E+07  0.718E-10  0.493E-09
  0.231E-03  0.922E+07  0.718E-10  0.493E-09
  0.366E-03  0.146E+08  0.718E-10  0.493E-09
  0.580E-03  0.232E+08  0.718E-10  0.492E-09
  0.920E-03  0.367E+08  0.718E-10  0.492E-09
  0.146E-02  0.582E+08  0.718E-10  0.491E-09
  0.231E-02  0.921E+08  0.718E-10  0.487E-09
  0.366E-02  0.146E+09  0.718E-10  0.478E-09
  0.580E-02  0.231E+09  0.717E-10  0.457E-09
  0.919E-02  0.367E+09  0.716E-10  0.411E-09
  0.146E-01  0.581E+09  0.714E-10  0.323E-09
  0.230E-01  0.919E+09  0.708E-10  0.196E-09
  0.365E-01  0.145E+10  0.692E-10  0.851E-10
  0.576E-01  0.230E+10  0.656E-10  0.287E-10
  0.910E-01  0.363E+10  0.573E-10  0.898E-11
  0.143E+00  0.572E+10  0.411E-10  0.284E-11
  0.225E+00  0.898E+10  0.182E-10  0.919E-12
  0.351E+00  0.140E+11  0.260E-11  0.303E-12
  0.544E+00  0.217E+11  0.157E-12  0.105E-12
  0.831E+00  0.332E+11  0.418E-13  0.371E-13
  0.125E+01  0.498E+11  0.143E-13  0.137E-13
  0.182E+01  0.728E+11  0.545E-14  0.533E-14
  0.205E+01  0.820E+11  0.409E-14  0.402E-14
  0.257E+01  0.103E+12  0.230E-14  0.227E-14
  0.306E+01  0.122E+12  0.148E-14  0.147E-14
  0.442E+01  0.177E+12  0.584E-15  0.581E-15
  0.507E+01  0.202E+12  0.420E-15  0.419E-15
  0.748E+01  0.299E+12  0.157E-15  0.157E-15
  0.107E+02  0.427E+12  0.641E-16  0.641E-16
  0.125E+02  0.498E+12  0.440E-16  0.440E-16
  0.182E+02  0.728E+12  0.169E-16  0.169E-16
  0.205E+02  0.820E+12  0.127E-16  0.127E-16
  0.257E+02  0.103E+13  0.717E-17  0.717E-17
  0.305E+02  0.122E+13  0.465E-17  0.465E-17
  0.440E+02  0.177E+13  0.184E-17  0.184E-17
  0.504E+02  0.202E+13  0.133E-17  0.133E-17
  0.742E+02  0.299E+13  0.489E-18  0.489E-18
  0.106E+03  0.427E+13  0.211E-18  0.211E-18
  0.123E+03  0.498E+13  0.144E-18  0.144E-18
  0.179E+03  0.728E+13  0.554E-19  0.554E-19
  0.201E+03  0.820E+13  0.411E-19  0.411E-19
  0.250E+03  0.103E+14  0.234E-19  0.234E-19
  0.296E+03  0.122E+14  0.152E-19  0.152E-19
  0.421E+03  0.177E+14  0.604E-20  0.604E-20
  0.479E+03  0.202E+14  0.430E-20  0.430E-20
  0.575E+03  0.246E+14  0.264E-20  0.264E-20
  0.689E+03  0.299E+14  0.162E-20  0.162E-20
  0.952E+03  0.427E+14  0.665E-21  0.665E-21
  0.109E+04  0.498E+14  0.453E-21  0.453E-21
  0.125E+04  0.585E+14  0.302E-21  0.302E-21
  0.151E+04  0.728E+14  0.175E-21  0.175E-21
  0.198E+04  0.103E+15  0.741E-22  0.741E-22
