 DENS, T, fainum_exp
  0.100E+11  0.250E+04  0.259E+13
 lAMBDA, n, np
  0.923E+03  0.100E+01  0.900E+01

  0.000E+00  0.747E-14  0.111E-11  0.923E+17
  0.880E+10  0.747E-14  0.111E-11  0.923E+17
  0.139E+11  0.747E-14  0.111E-11  0.923E+17
  0.221E+11  0.747E-14  0.111E-11  0.923E+17
  0.350E+11  0.747E-14  0.110E-11  0.923E+17
  0.555E+11  0.747E-14  0.109E-11  0.923E+17
  0.880E+11  0.747E-14  0.105E-11  0.923E+17
  0.139E+12  0.747E-14  0.975E-12  0.923E+17
  0.221E+12  0.747E-14  0.813E-12  0.923E+17
  0.350E+12  0.747E-14  0.548E-12  0.923E+17
  0.555E+12  0.747E-14  0.266E-12  0.923E+17
  0.879E+12  0.747E-14  0.977E-13  0.923E+17
  0.139E+13  0.747E-14  0.314E-13  0.923E+17
  0.220E+13  0.746E-14  0.981E-14  0.923E+17
  0.349E+13  0.746E-14  0.299E-14  0.923E+17
  0.551E+13  0.743E-14  0.973E-15  0.923E+17
  0.870E+13  0.738E-14  0.323E-15  0.923E+17
  0.137E+14  0.723E-14  0.108E-15  0.923E+17
  0.215E+14  0.689E-14  0.367E-16  0.923E+17
  0.335E+14  0.613E-14  0.126E-16  0.923E+17
  0.517E+14  0.466E-14  0.439E-17  0.923E+17
  0.835E+14  0.217E-14  0.138E-17  0.923E+17
  0.128E+15  0.341E-15  0.479E-18  0.923E+17
  0.215E+15  0.187E-17  0.137E-18  0.923E+17
  0.335E+15  0.520E-19  0.446E-19  0.923E+17
  0.517E+15  0.157E-19  0.150E-19  0.923E+17
  0.835E+15  0.462E-20  0.453E-20  0.923E+17
  0.128E+16  0.155E-20  0.153E-20  0.923E+17
  0.215E+16  0.430E-21  0.429E-21  0.923E+17
  0.335E+16  0.145E-21  0.145E-21  0.923E+17
  0.517E+16  0.480E-22  0.480E-22  0.923E+17
  0.835E+16  0.145E-22  0.145E-22  0.923E+17
  0.128E+17  0.493E-23  0.493E-23  0.923E+17
  0.215E+17  0.137E-23  0.137E-23  0.923E+17
  0.335E+17  0.450E-24  0.450E-24  0.923E+17
  0.517E+17  0.152E-24  0.152E-24  0.923E+17
  0.835E+17  0.458E-25  0.458E-25  0.923E+17
  0.128E+18  0.156E-25  0.156E-25  0.923E+17
