 DENS, T, fainum_exp
  0.100E+11  0.250E+04  0.259E+13
 lAMBDA, n, np
  0.923E+03  0.100E+01  0.900E+01
 38
  0.000E+00  0.000E+00  0.809E-11  0.121E-08
  0.231E-05  0.813E+07  0.809E-11  0.121E-08
  0.366E-05  0.129E+08  0.809E-11  0.120E-08
  0.580E-05  0.204E+08  0.809E-11  0.120E-08
  0.920E-05  0.323E+08  0.809E-11  0.120E-08
  0.146E-04  0.513E+08  0.809E-11  0.118E-08
  0.231E-04  0.812E+08  0.809E-11  0.114E-08
  0.366E-04  0.129E+09  0.809E-11  0.106E-08
  0.580E-04  0.204E+09  0.809E-11  0.881E-09
  0.919E-04  0.323E+09  0.809E-11  0.593E-09
  0.146E-03  0.512E+09  0.809E-11  0.288E-09
  0.231E-03  0.812E+09  0.809E-11  0.106E-09
  0.365E-03  0.129E+10  0.809E-11  0.340E-10
  0.579E-03  0.204E+10  0.808E-11  0.106E-10
  0.915E-03  0.322E+10  0.807E-11  0.324E-11
  0.145E-02  0.509E+10  0.805E-11  0.105E-11
  0.228E-02  0.803E+10  0.799E-11  0.349E-12
  0.359E-02  0.126E+11  0.783E-11  0.117E-12
  0.564E-02  0.198E+11  0.746E-11  0.397E-13
  0.879E-02  0.309E+11  0.664E-11  0.136E-13
  0.136E-01  0.478E+11  0.504E-11  0.475E-14
  0.219E-01  0.771E+11  0.235E-11  0.149E-14
  0.337E-01  0.119E+12  0.370E-12  0.519E-15
  0.564E-01  0.198E+12  0.202E-14  0.148E-15
  0.879E-01  0.309E+12  0.563E-16  0.483E-16
  0.136E+00  0.478E+12  0.170E-16  0.162E-16
  0.219E+00  0.771E+12  0.500E-17  0.491E-17
  0.337E+00  0.119E+13  0.167E-17  0.166E-17
  0.563E+00  0.198E+13  0.466E-18  0.465E-18
  0.878E+00  0.309E+13  0.157E-18  0.157E-18
  0.136E+01  0.478E+13  0.520E-19  0.520E-19
  0.219E+01  0.771E+13  0.157E-19  0.157E-19
  0.336E+01  0.119E+14  0.534E-20  0.534E-20
  0.560E+01  0.198E+14  0.148E-20  0.148E-20
  0.871E+01  0.309E+14  0.487E-21  0.487E-21
  0.134E+02  0.478E+14  0.164E-21  0.164E-21
  0.214E+02  0.771E+14  0.496E-22  0.496E-22
  0.325E+02  0.119E+15  0.169E-22  0.169E-22
