 DENS, T, fainum_exp
  0.100E+11  0.250E+04  0.982E+14
 lAMBDA, n, np
  0.829E+04  0.300E+01  0.300E+02
 43
  0.000E+00  0.000E+00  0.457E-10  0.674E-10
  0.231E-03  0.101E+08  0.457E-10  0.674E-10
  0.366E-03  0.160E+08  0.457E-10  0.674E-10
  0.580E-03  0.253E+08  0.457E-10  0.674E-10
  0.920E-03  0.401E+08  0.457E-10  0.674E-10
  0.146E-02  0.636E+08  0.457E-10  0.674E-10
  0.231E-02  0.101E+09  0.457E-10  0.674E-10
  0.366E-02  0.160E+09  0.457E-10  0.674E-10
  0.580E-02  0.253E+09  0.457E-10  0.674E-10
  0.920E-02  0.401E+09  0.457E-10  0.673E-10
  0.146E-01  0.636E+09  0.455E-10  0.669E-10
  0.231E-01  0.101E+10  0.453E-10  0.662E-10
  0.366E-01  0.160E+10  0.448E-10  0.642E-10
  0.580E-01  0.253E+10  0.433E-10  0.593E-10
  0.920E-01  0.401E+10  0.399E-10  0.481E-10
  0.146E+00  0.636E+10  0.327E-10  0.297E-10
  0.231E+00  0.101E+11  0.203E-10  0.125E-10
  0.366E+00  0.160E+11  0.731E-11  0.397E-11
  0.580E+00  0.253E+11  0.156E-11  0.116E-11
  0.918E+00  0.401E+11  0.381E-12  0.345E-12
  0.145E+01  0.635E+11  0.107E-12  0.103E-12
  0.230E+01  0.101E+12  0.318E-13  0.313E-13
  0.364E+01  0.159E+12  0.987E-14  0.981E-14
  0.576E+01  0.251E+12  0.311E-14  0.311E-14
  0.909E+01  0.397E+12  0.990E-15  0.990E-15
  0.143E+02  0.625E+12  0.317E-15  0.317E-15
  0.224E+02  0.981E+12  0.103E-15  0.103E-15
  0.349E+02  0.153E+13  0.337E-16  0.337E-16
  0.539E+02  0.237E+13  0.113E-16  0.113E-16
  0.820E+02  0.361E+13  0.382E-17  0.382E-17
  0.122E+03  0.541E+13  0.145E-17  0.145E-17
  0.177E+03  0.788E+13  0.563E-18  0.563E-18
  0.200E+03  0.892E+13  0.413E-18  0.413E-18
  0.246E+03  0.111E+14  0.240E-18  0.240E-18
  0.293E+03  0.133E+14  0.154E-18  0.154E-18
  0.416E+03  0.191E+14  0.616E-19  0.616E-19
  0.475E+03  0.220E+14  0.433E-19  0.433E-19
  0.681E+03  0.324E+14  0.165E-19  0.165E-19
  0.753E+03  0.361E+14  0.125E-19  0.125E-19
  0.937E+03  0.461E+14  0.680E-20  0.680E-20
  0.108E+04  0.541E+14  0.457E-20  0.457E-20
  0.123E+04  0.630E+14  0.312E-20  0.312E-20
  0.148E+04  0.788E+14  0.178E-20  0.178E-20
