 DENS, T, fainum_exp
  0.100E+11  0.250E+04  0.982E+14
 lAMBDA, n, np
  0.829E+04  0.300E+01  0.300E+02

  0.000E+00  0.422E-13  0.623E-13  0.350E+19
  0.109E+11  0.422E-13  0.623E-13  0.350E+19
  0.173E+11  0.422E-13  0.623E-13  0.350E+19
  0.274E+11  0.422E-13  0.623E-13  0.350E+19
  0.435E+11  0.422E-13  0.623E-13  0.350E+19
  0.689E+11  0.422E-13  0.623E-13  0.350E+19
  0.109E+12  0.422E-13  0.623E-13  0.350E+19
  0.173E+12  0.422E-13  0.622E-13  0.350E+19
  0.274E+12  0.422E-13  0.622E-13  0.350E+19
  0.435E+12  0.422E-13  0.621E-13  0.350E+19
  0.689E+12  0.421E-13  0.618E-13  0.350E+19
  0.109E+13  0.418E-13  0.611E-13  0.350E+19
  0.173E+13  0.413E-13  0.593E-13  0.350E+19
  0.274E+13  0.400E-13  0.547E-13  0.350E+19
  0.435E+13  0.369E-13  0.444E-13  0.350E+19
  0.689E+13  0.302E-13  0.274E-13  0.350E+19
  0.109E+14  0.188E-13  0.116E-13  0.350E+19
  0.173E+14  0.675E-14  0.366E-14  0.350E+19
  0.274E+14  0.144E-14  0.107E-14  0.350E+19
  0.434E+14  0.351E-15  0.319E-15  0.350E+19
  0.688E+14  0.991E-16  0.956E-16  0.350E+19
  0.109E+15  0.293E-16  0.289E-16  0.350E+19
  0.172E+15  0.911E-17  0.906E-17  0.350E+19
  0.272E+15  0.287E-17  0.287E-17  0.350E+19
  0.430E+15  0.915E-18  0.914E-18  0.350E+19
  0.677E+15  0.293E-18  0.293E-18  0.350E+19
  0.106E+16  0.948E-19  0.948E-19  0.350E+19
  0.166E+16  0.311E-19  0.311E-19  0.350E+19
  0.256E+16  0.104E-19  0.104E-19  0.350E+19
  0.391E+16  0.352E-20  0.352E-20  0.350E+19
  0.586E+16  0.134E-20  0.134E-20  0.350E+19
  0.853E+16  0.520E-21  0.520E-21  0.350E+19
  0.966E+16  0.381E-21  0.381E-21  0.350E+19
  0.120E+17  0.222E-21  0.222E-21  0.350E+19
  0.144E+17  0.142E-21  0.142E-21  0.350E+19
  0.207E+17  0.569E-22  0.569E-22  0.350E+19
  0.238E+17  0.400E-22  0.400E-22  0.350E+19
  0.351E+17  0.152E-22  0.152E-22  0.350E+19
  0.391E+17  0.116E-22  0.116E-22  0.350E+19
  0.499E+17  0.628E-23  0.628E-23  0.350E+19
  0.586E+17  0.422E-23  0.422E-23  0.350E+19
  0.682E+17  0.288E-23  0.288E-23  0.350E+19
  0.853E+17  0.165E-23  0.165E-23  0.350E+19
