 DENS, T, fainum_exp
  0.100E+11  0.250E+04  0.568E+14
 lAMBDA, n, np
  0.833E+04  0.300E+01  0.250E+02

  0.000E+00  0.501E-13  0.959E-13  0.202E+19
  0.431E+10  0.501E-13  0.959E-13  0.202E+19
  0.683E+10  0.501E-13  0.959E-13  0.202E+19
  0.108E+11  0.501E-13  0.959E-13  0.202E+19
  0.171E+11  0.501E-13  0.959E-13  0.202E+19
  0.272E+11  0.501E-13  0.959E-13  0.202E+19
  0.431E+11  0.501E-13  0.959E-13  0.202E+19
  0.683E+11  0.501E-13  0.959E-13  0.202E+19
  0.108E+12  0.501E-13  0.959E-13  0.202E+19
  0.171E+12  0.501E-13  0.958E-13  0.202E+19
  0.272E+12  0.501E-13  0.957E-13  0.202E+19
  0.431E+12  0.500E-13  0.952E-13  0.202E+19
  0.683E+12  0.499E-13  0.940E-13  0.202E+19
  0.108E+13  0.495E-13  0.911E-13  0.202E+19
  0.171E+13  0.487E-13  0.841E-13  0.202E+19
  0.272E+13  0.467E-13  0.689E-13  0.202E+19
  0.430E+13  0.420E-13  0.440E-13  0.202E+19
  0.682E+13  0.325E-13  0.196E-13  0.202E+19
  0.108E+14  0.175E-13  0.651E-14  0.202E+19
  0.171E+14  0.467E-14  0.195E-14  0.202E+19
  0.271E+14  0.797E-15  0.590E-15  0.202E+19
  0.429E+14  0.200E-15  0.182E-15  0.202E+19
  0.677E+14  0.580E-16  0.560E-16  0.202E+19
  0.107E+15  0.175E-16  0.173E-16  0.202E+19
  0.168E+15  0.557E-17  0.553E-17  0.202E+19
  0.263E+15  0.180E-17  0.179E-17  0.202E+19
  0.410E+15  0.591E-18  0.591E-18  0.202E+19
  0.631E+15  0.199E-18  0.199E-18  0.202E+19
  0.958E+15  0.696E-19  0.696E-19  0.202E+19
  0.142E+16  0.256E-19  0.256E-19  0.202E+19
  0.205E+16  0.102E-19  0.102E-19  0.202E+19
  0.236E+16  0.728E-20  0.728E-20  0.202E+19
  0.348E+16  0.270E-20  0.270E-20  0.202E+19
  0.388E+16  0.208E-20  0.208E-20  0.202E+19
  0.496E+16  0.117E-20  0.117E-20  0.202E+19
  0.581E+16  0.791E-21  0.791E-21  0.202E+19
  0.847E+16  0.307E-21  0.307E-21  0.202E+19
  0.958E+16  0.225E-21  0.225E-21  0.202E+19
  0.119E+17  0.131E-21  0.131E-21  0.202E+19
  0.142E+17  0.836E-22  0.836E-22  0.202E+19
  0.205E+17  0.335E-22  0.335E-22  0.202E+19
  0.236E+17  0.236E-22  0.236E-22  0.202E+19
  0.348E+17  0.896E-23  0.896E-23  0.202E+19
  0.388E+17  0.683E-23  0.683E-23  0.202E+19
  0.496E+17  0.370E-23  0.370E-23  0.202E+19
  0.581E+17  0.249E-23  0.249E-23  0.202E+19
  0.677E+17  0.170E-23  0.170E-23  0.202E+19
  0.847E+17  0.970E-24  0.970E-24  0.202E+19
  0.119E+18  0.414E-24  0.414E-24  0.202E+19
