 DENS, T, fainum_exp
  0.100E+11  0.250E+04  0.568E+14
 lAMBDA, n, np
  0.833E+04  0.300E+01  0.250E+02
 49
  0.000E+00  0.000E+00  0.543E-10  0.104E-09
  0.920E-04  0.398E+07  0.543E-10  0.104E-09
  0.146E-03  0.630E+07  0.543E-10  0.104E-09
  0.231E-03  0.999E+07  0.543E-10  0.104E-09
  0.366E-03  0.158E+08  0.543E-10  0.104E-09
  0.580E-03  0.251E+08  0.543E-10  0.104E-09
  0.920E-03  0.398E+08  0.543E-10  0.104E-09
  0.146E-02  0.630E+08  0.543E-10  0.104E-09
  0.231E-02  0.999E+08  0.543E-10  0.104E-09
  0.366E-02  0.158E+09  0.543E-10  0.104E-09
  0.580E-02  0.251E+09  0.542E-10  0.104E-09
  0.920E-02  0.398E+09  0.542E-10  0.103E-09
  0.146E-01  0.630E+09  0.540E-10  0.102E-09
  0.231E-01  0.999E+09  0.537E-10  0.987E-10
  0.366E-01  0.158E+10  0.527E-10  0.911E-10
  0.580E-01  0.251E+10  0.506E-10  0.746E-10
  0.919E-01  0.398E+10  0.455E-10  0.477E-10
  0.146E+00  0.630E+10  0.351E-10  0.212E-10
  0.231E+00  0.998E+10  0.189E-10  0.705E-11
  0.365E+00  0.158E+11  0.506E-11  0.211E-11
  0.578E+00  0.250E+11  0.863E-12  0.639E-12
  0.915E+00  0.396E+11  0.216E-12  0.197E-12
  0.145E+01  0.625E+11  0.628E-13  0.606E-13
  0.228E+01  0.986E+11  0.190E-13  0.187E-13
  0.359E+01  0.155E+12  0.603E-14  0.599E-14
  0.562E+01  0.243E+12  0.195E-14  0.194E-14
  0.874E+01  0.378E+12  0.640E-15  0.640E-15
  0.135E+02  0.583E+12  0.216E-15  0.216E-15
  0.204E+02  0.885E+12  0.753E-16  0.753E-16
  0.303E+02  0.131E+13  0.278E-16  0.277E-16
  0.436E+02  0.190E+13  0.111E-16  0.111E-16
  0.501E+02  0.218E+13  0.789E-17  0.789E-17
  0.736E+02  0.321E+13  0.292E-17  0.292E-17
  0.820E+02  0.358E+13  0.225E-17  0.225E-17
  0.104E+03  0.458E+13  0.127E-17  0.127E-17
  0.122E+03  0.536E+13  0.857E-18  0.857E-18
  0.177E+03  0.782E+13  0.332E-18  0.332E-18
  0.200E+03  0.885E+13  0.244E-18  0.244E-18
  0.247E+03  0.110E+14  0.142E-18  0.142E-18
  0.293E+03  0.131E+14  0.906E-19  0.906E-19
  0.416E+03  0.190E+14  0.363E-19  0.363E-19
  0.476E+03  0.218E+14  0.255E-19  0.255E-19
  0.682E+03  0.321E+14  0.971E-20  0.971E-20
  0.753E+03  0.358E+14  0.740E-20  0.740E-20
  0.939E+03  0.458E+14  0.401E-20  0.401E-20
  0.108E+04  0.536E+14  0.269E-20  0.269E-20
  0.123E+04  0.625E+14  0.184E-20  0.184E-20
  0.149E+04  0.782E+14  0.105E-20  0.105E-20
  0.195E+04  0.110E+15  0.448E-21  0.448E-21
