 DENS, T, fainum_exp
  0.100E+11  0.250E+04  0.249E+14
 lAMBDA, n, np
  0.842E+04  0.300E+01  0.190E+02

  0.000E+00  0.588E-13  0.185E-12  0.886E+18
  0.266E+10  0.588E-13  0.185E-12  0.886E+18
  0.422E+10  0.588E-13  0.185E-12  0.886E+18
  0.668E+10  0.588E-13  0.185E-12  0.886E+18
  0.106E+11  0.588E-13  0.185E-12  0.886E+18
  0.168E+11  0.588E-13  0.185E-12  0.886E+18
  0.266E+11  0.588E-13  0.185E-12  0.886E+18
  0.422E+11  0.588E-13  0.185E-12  0.886E+18
  0.668E+11  0.588E-13  0.185E-12  0.886E+18
  0.106E+12  0.588E-13  0.185E-12  0.886E+18
  0.168E+12  0.588E-13  0.184E-12  0.886E+18
  0.266E+12  0.588E-13  0.183E-12  0.886E+18
  0.422E+12  0.587E-13  0.179E-12  0.886E+18
  0.668E+12  0.585E-13  0.170E-12  0.886E+18
  0.106E+13  0.580E-13  0.151E-12  0.886E+18
  0.168E+13  0.568E-13  0.114E-12  0.886E+18
  0.266E+13  0.540E-13  0.650E-13  0.886E+18
  0.421E+13  0.475E-13  0.262E-13  0.886E+18
  0.667E+13  0.345E-13  0.842E-14  0.886E+18
  0.106E+14  0.159E-13  0.257E-14  0.886E+18
  0.167E+14  0.286E-14  0.801E-15  0.886E+18
  0.264E+14  0.344E-15  0.254E-15  0.886E+18
  0.417E+14  0.889E-16  0.809E-16  0.886E+18
  0.657E+14  0.266E-16  0.257E-16  0.886E+18
  0.103E+15  0.833E-17  0.822E-17  0.886E+18
  0.161E+15  0.270E-17  0.269E-17  0.886E+18
  0.249E+15  0.899E-18  0.897E-18  0.886E+18
  0.380E+15  0.309E-18  0.309E-18  0.886E+18
  0.569E+15  0.111E-18  0.111E-18  0.886E+18
  0.831E+15  0.430E-19  0.429E-19  0.886E+18
  0.939E+15  0.321E-19  0.321E-19  0.886E+18
  0.140E+16  0.118E-19  0.118E-19  0.886E+18
  0.201E+16  0.469E-20  0.469E-20  0.886E+18
  0.232E+16  0.335E-20  0.335E-20  0.886E+18
  0.341E+16  0.124E-20  0.124E-20  0.886E+18
  0.380E+16  0.960E-21  0.960E-21  0.886E+18
  0.486E+16  0.538E-21  0.538E-21  0.886E+18
  0.569E+16  0.364E-21  0.364E-21  0.886E+18
  0.831E+16  0.141E-21  0.141E-21  0.886E+18
  0.939E+16  0.104E-21  0.104E-21  0.886E+18
  0.117E+17  0.600E-22  0.600E-22  0.886E+18
  0.140E+17  0.385E-22  0.385E-22  0.886E+18
  0.201E+17  0.154E-22  0.154E-22  0.886E+18
  0.232E+17  0.109E-22  0.109E-22  0.886E+18
  0.341E+17  0.412E-23  0.412E-23  0.886E+18
  0.380E+17  0.315E-23  0.315E-23  0.886E+18
  0.486E+17  0.170E-23  0.170E-23  0.886E+18
  0.569E+17  0.115E-23  0.115E-23  0.886E+18
  0.665E+17  0.777E-24  0.777E-24  0.886E+18
  0.831E+17  0.446E-24  0.446E-24  0.886E+18
  0.117E+18  0.190E-24  0.190E-24  0.886E+18
