 DENS, T, fainum_exp
  0.100E+11  0.250E+04  0.249E+14
 lAMBDA, n, np
  0.842E+04  0.300E+01  0.190E+02
 51
  0.000E+00  0.000E+00  0.637E-10  0.200E-09
  0.580E-04  0.246E+07  0.637E-10  0.200E-09
  0.920E-04  0.389E+07  0.637E-10  0.200E-09
  0.146E-03  0.617E+07  0.637E-10  0.200E-09
  0.231E-03  0.978E+07  0.637E-10  0.200E-09
  0.366E-03  0.155E+08  0.637E-10  0.200E-09
  0.580E-03  0.246E+08  0.637E-10  0.200E-09
  0.920E-03  0.389E+08  0.637E-10  0.200E-09
  0.146E-02  0.617E+08  0.637E-10  0.200E-09
  0.231E-02  0.978E+08  0.637E-10  0.200E-09
  0.366E-02  0.155E+09  0.637E-10  0.199E-09
  0.580E-02  0.246E+09  0.636E-10  0.198E-09
  0.920E-02  0.389E+09  0.635E-10  0.194E-09
  0.146E-01  0.617E+09  0.633E-10  0.184E-09
  0.231E-01  0.977E+09  0.628E-10  0.163E-09
  0.366E-01  0.155E+10  0.615E-10  0.124E-09
  0.580E-01  0.245E+10  0.584E-10  0.704E-10
  0.919E-01  0.389E+10  0.514E-10  0.284E-10
  0.145E+00  0.616E+10  0.373E-10  0.912E-11
  0.230E+00  0.975E+10  0.172E-10  0.279E-11
  0.365E+00  0.154E+11  0.310E-11  0.867E-12
  0.576E+00  0.244E+11  0.372E-12  0.275E-12
  0.910E+00  0.385E+11  0.963E-13  0.877E-13
  0.143E+01  0.606E+11  0.288E-13  0.278E-13
  0.225E+01  0.952E+11  0.902E-14  0.890E-14
  0.351E+01  0.149E+12  0.292E-14  0.291E-14
  0.542E+01  0.230E+12  0.973E-15  0.971E-15
  0.828E+01  0.351E+12  0.335E-15  0.334E-15
  0.124E+02  0.526E+12  0.121E-15  0.121E-15
  0.181E+02  0.767E+12  0.465E-16  0.465E-16
  0.204E+02  0.867E+12  0.347E-16  0.347E-16
  0.303E+02  0.129E+13  0.128E-16  0.128E-16
  0.437E+02  0.186E+13  0.508E-17  0.508E-17
  0.502E+02  0.214E+13  0.363E-17  0.363E-17
  0.738E+02  0.315E+13  0.134E-17  0.134E-17
  0.821E+02  0.351E+13  0.104E-17  0.104E-17
  0.105E+03  0.449E+13  0.583E-18  0.583E-18
  0.122E+03  0.526E+13  0.395E-18  0.395E-18
  0.177E+03  0.767E+13  0.153E-18  0.153E-18
  0.200E+03  0.867E+13  0.112E-18  0.112E-18
  0.248E+03  0.108E+14  0.649E-19  0.649E-19
  0.294E+03  0.129E+14  0.417E-19  0.417E-19
  0.418E+03  0.186E+14  0.167E-19  0.167E-19
  0.477E+03  0.214E+14  0.118E-19  0.118E-19
  0.684E+03  0.315E+14  0.446E-20  0.446E-20
  0.755E+03  0.351E+14  0.341E-20  0.341E-20
  0.942E+03  0.449E+14  0.184E-20  0.184E-20
  0.108E+04  0.526E+14  0.124E-20  0.124E-20
  0.124E+04  0.614E+14  0.841E-21  0.841E-21
  0.149E+04  0.767E+14  0.483E-21  0.483E-21
  0.196E+04  0.108E+15  0.205E-21  0.205E-21
