 DENS, T, fainum_exp
  0.100E+11  0.250E+04  0.791E+13
 lAMBDA, n, np
  0.374E+04  0.200E+01  0.130E+02

  0.000E+00  0.297E-13  0.455E-12  0.282E+18
  0.339E+10  0.297E-13  0.455E-12  0.282E+18
  0.537E+10  0.297E-13  0.455E-12  0.282E+18
  0.852E+10  0.297E-13  0.455E-12  0.282E+18
  0.135E+11  0.297E-13  0.455E-12  0.282E+18
  0.214E+11  0.297E-13  0.455E-12  0.282E+18
  0.339E+11  0.297E-13  0.455E-12  0.282E+18
  0.537E+11  0.297E-13  0.454E-12  0.282E+18
  0.852E+11  0.297E-13  0.451E-12  0.282E+18
  0.135E+12  0.297E-13  0.446E-12  0.282E+18
  0.214E+12  0.297E-13  0.432E-12  0.282E+18
  0.339E+12  0.297E-13  0.401E-12  0.282E+18
  0.537E+12  0.296E-13  0.336E-12  0.282E+18
  0.851E+12  0.296E-13  0.227E-12  0.282E+18
  0.135E+13  0.295E-13  0.109E-12  0.282E+18
  0.213E+13  0.293E-13  0.390E-13  0.282E+18
  0.338E+13  0.287E-13  0.122E-13  0.282E+18
  0.534E+13  0.274E-13  0.381E-14  0.282E+18
  0.844E+13  0.243E-13  0.121E-14  0.282E+18
  0.133E+14  0.180E-13  0.389E-15  0.282E+18
  0.209E+14  0.866E-14  0.130E-15  0.282E+18
  0.326E+14  0.140E-14  0.438E-16  0.282E+18
  0.506E+14  0.338E-16  0.150E-16  0.282E+18
  0.776E+14  0.614E-17  0.523E-17  0.282E+18
  0.117E+15  0.197E-17  0.186E-17  0.282E+18
  0.172E+15  0.723E-18  0.705E-18  0.282E+18
  0.192E+15  0.552E-18  0.541E-18  0.282E+18
  0.244E+15  0.297E-18  0.293E-18  0.282E+18
  0.287E+15  0.198E-18  0.196E-18  0.282E+18
  0.417E+15  0.766E-19  0.763E-19  0.282E+18
  0.703E+15  0.208E-19  0.208E-19  0.282E+18
  0.101E+16  0.835E-20  0.834E-20  0.282E+18
  0.117E+16  0.588E-20  0.588E-20  0.282E+18
  0.172E+16  0.223E-20  0.223E-20  0.282E+18
  0.192E+16  0.171E-20  0.171E-20  0.282E+18
  0.244E+16  0.926E-21  0.925E-21  0.282E+18
  0.287E+16  0.619E-21  0.619E-21  0.282E+18
  0.417E+16  0.241E-21  0.241E-21  0.282E+18
  0.474E+16  0.178E-21  0.178E-21  0.282E+18
  0.703E+16  0.657E-22  0.657E-22  0.282E+18
  0.101E+17  0.263E-22  0.263E-22  0.282E+18
  0.117E+17  0.185E-22  0.185E-22  0.282E+18
  0.172E+17  0.751E-23  0.751E-23  0.282E+18
  0.192E+17  0.562E-23  0.562E-23  0.282E+18
  0.244E+17  0.304E-23  0.304E-23  0.282E+18
  0.287E+17  0.202E-23  0.202E-23  0.282E+18
  0.417E+17  0.792E-24  0.792E-24  0.282E+18
  0.474E+17  0.576E-24  0.576E-24  0.282E+18
  0.585E+17  0.340E-24  0.340E-24  0.282E+18
  0.703E+17  0.215E-24  0.215E-24  0.282E+18
  0.101E+18  0.867E-25  0.867E-25  0.282E+18
  0.117E+18  0.604E-25  0.604E-25  0.282E+18
  0.140E+18  0.386E-25  0.386E-25  0.282E+18
  0.172E+18  0.231E-25  0.231E-25  0.282E+18
  0.244E+18  0.960E-26  0.960E-26  0.282E+18
  0.332E+18  0.444E-26  0.444E-26  0.282E+18
