 DENS, T, fainum_exp
  0.100E+11  0.250E+04  0.791E+13
 lAMBDA, n, np
  0.374E+04  0.200E+01  0.130E+02
 56
  0.000E+00  0.000E+00  0.321E-10  0.493E-09
  0.146E-04  0.313E+07  0.321E-10  0.493E-09
  0.231E-04  0.496E+07  0.321E-10  0.493E-09
  0.366E-04  0.787E+07  0.321E-10  0.493E-09
  0.580E-04  0.125E+08  0.321E-10  0.493E-09
  0.920E-04  0.198E+08  0.321E-10  0.493E-09
  0.146E-03  0.313E+08  0.321E-10  0.492E-09
  0.231E-03  0.496E+08  0.321E-10  0.491E-09
  0.366E-03  0.786E+08  0.321E-10  0.489E-09
  0.580E-03  0.125E+09  0.321E-10  0.483E-09
  0.919E-03  0.198E+09  0.321E-10  0.468E-09
  0.146E-02  0.313E+09  0.321E-10  0.434E-09
  0.231E-02  0.496E+09  0.321E-10  0.364E-09
  0.366E-02  0.786E+09  0.321E-10  0.246E-09
  0.579E-02  0.124E+10  0.320E-10  0.119E-09
  0.917E-02  0.197E+10  0.317E-10  0.422E-10
  0.145E-01  0.312E+10  0.311E-10  0.132E-10
  0.230E-01  0.493E+10  0.296E-10  0.412E-11
  0.363E-01  0.779E+10  0.263E-10  0.132E-11
  0.571E-01  0.123E+11  0.195E-10  0.421E-12
  0.897E-01  0.193E+11  0.937E-11  0.140E-12
  0.140E+00  0.301E+11  0.152E-11  0.474E-13
  0.218E+00  0.467E+11  0.366E-13  0.162E-13
  0.333E+00  0.716E+11  0.665E-14  0.566E-14
  0.502E+00  0.108E+12  0.214E-14  0.202E-14
  0.738E+00  0.159E+12  0.783E-15  0.764E-15
  0.825E+00  0.177E+12  0.598E-15  0.586E-15
  0.105E+01  0.225E+12  0.321E-15  0.317E-15
  0.123E+01  0.265E+12  0.214E-15  0.212E-15
  0.179E+01  0.385E+12  0.829E-16  0.826E-16
  0.302E+01  0.649E+12  0.226E-16  0.225E-16
  0.434E+01  0.934E+12  0.904E-17  0.904E-17
  0.501E+01  0.108E+13  0.637E-17  0.637E-17
  0.736E+01  0.159E+13  0.241E-17  0.241E-17
  0.823E+01  0.177E+13  0.185E-17  0.185E-17
  0.105E+02  0.225E+13  0.100E-17  0.100E-17
  0.123E+02  0.265E+13  0.671E-18  0.671E-18
  0.179E+02  0.385E+13  0.261E-18  0.261E-18
  0.203E+02  0.438E+13  0.192E-18  0.192E-18
  0.300E+02  0.649E+13  0.711E-19  0.711E-19
  0.430E+02  0.934E+13  0.285E-19  0.285E-19
  0.495E+02  0.108E+14  0.201E-19  0.201E-19
  0.724E+02  0.159E+14  0.813E-20  0.813E-20
  0.807E+02  0.177E+14  0.608E-20  0.608E-20
  0.102E+03  0.225E+14  0.329E-20  0.329E-20
  0.119E+03  0.265E+14  0.219E-20  0.219E-20
  0.171E+03  0.385E+14  0.858E-21  0.858E-21
  0.193E+03  0.438E+14  0.624E-21  0.624E-21
  0.236E+03  0.540E+14  0.369E-21  0.369E-21
  0.280E+03  0.649E+14  0.233E-21  0.233E-21
  0.389E+03  0.934E+14  0.939E-22  0.939E-22
  0.443E+03  0.108E+15  0.655E-22  0.655E-22
  0.518E+03  0.129E+15  0.418E-22  0.418E-22
  0.616E+03  0.159E+15  0.250E-22  0.250E-22
  0.818E+03  0.225E+15  0.104E-22  0.104E-22
  0.103E+04  0.307E+15  0.481E-23  0.481E-23
