 DENS, T, fainum_exp
  0.100E+11  0.250E+04  0.336E+14
 lAMBDA, n, np
  0.914E+03  0.100E+01  0.210E+02

  0.000E+00  0.735E-14  0.146E-12  0.120E+19
  0.567E+11  0.735E-14  0.145E-12  0.120E+19
  0.898E+11  0.735E-14  0.145E-12  0.120E+19
  0.142E+12  0.735E-14  0.145E-12  0.120E+19
  0.226E+12  0.735E-14  0.145E-12  0.120E+19
  0.358E+12  0.735E-14  0.144E-12  0.120E+19
  0.567E+12  0.735E-14  0.141E-12  0.120E+19
  0.898E+12  0.735E-14  0.134E-12  0.120E+19
  0.142E+13  0.735E-14  0.119E-12  0.120E+19
  0.226E+13  0.734E-14  0.893E-13  0.120E+19
  0.357E+13  0.733E-14  0.488E-13  0.120E+19
  0.567E+13  0.731E-14  0.183E-13  0.120E+19
  0.898E+13  0.725E-14  0.562E-14  0.120E+19
  0.142E+14  0.710E-14  0.170E-14  0.120E+19
  0.225E+14  0.674E-14  0.525E-15  0.120E+19
  0.357E+14  0.592E-14  0.165E-15  0.120E+19
  0.566E+14  0.427E-14  0.513E-16  0.120E+19
  0.896E+14  0.189E-14  0.159E-16  0.120E+19
  0.142E+15  0.248E-15  0.502E-17  0.120E+19
  0.224E+15  0.362E-17  0.159E-17  0.120E+19
  0.354E+15  0.570E-18  0.508E-18  0.120E+19
  0.558E+15  0.170E-18  0.163E-18  0.120E+19
  0.876E+15  0.533E-19  0.525E-19  0.120E+19
  0.140E+16  0.164E-19  0.163E-19  0.120E+19
  0.223E+16  0.512E-20  0.511E-20  0.120E+19
  0.350E+16  0.167E-20  0.167E-20  0.120E+19
  0.558E+16  0.516E-21  0.516E-21  0.120E+19
  0.876E+16  0.167E-21  0.167E-21  0.120E+19
  0.140E+17  0.519E-22  0.519E-22  0.120E+19
  0.223E+17  0.162E-22  0.162E-22  0.120E+19
  0.350E+17  0.523E-23  0.523E-23  0.120E+19
  0.558E+17  0.163E-23  0.163E-23  0.120E+19
