 DENS, T, fainum_exp
  0.100E+11  0.250E+04  0.336E+14
 lAMBDA, n, np
  0.914E+03  0.100E+01  0.210E+02
 32
  0.000E+00  0.000E+00  0.796E-11  0.158E-09
  0.146E-04  0.523E+08  0.796E-11  0.158E-09
  0.231E-04  0.829E+08  0.796E-11  0.157E-09
  0.366E-04  0.131E+09  0.796E-11  0.157E-09
  0.580E-04  0.208E+09  0.796E-11  0.157E-09
  0.920E-04  0.330E+09  0.796E-11  0.156E-09
  0.146E-03  0.523E+09  0.796E-11  0.153E-09
  0.231E-03  0.829E+09  0.795E-11  0.145E-09
  0.366E-03  0.131E+10  0.795E-11  0.129E-09
  0.580E-03  0.208E+10  0.795E-11  0.967E-10
  0.920E-03  0.330E+10  0.794E-11  0.528E-10
  0.146E-02  0.523E+10  0.792E-11  0.198E-10
  0.231E-02  0.829E+10  0.785E-11  0.608E-11
  0.366E-02  0.131E+11  0.769E-11  0.184E-11
  0.580E-02  0.208E+11  0.730E-11  0.569E-12
  0.919E-02  0.330E+11  0.641E-11  0.178E-12
  0.146E-01  0.522E+11  0.463E-11  0.555E-13
  0.230E-01  0.827E+11  0.205E-11  0.172E-13
  0.365E-01  0.131E+12  0.269E-12  0.544E-14
  0.576E-01  0.207E+12  0.392E-14  0.173E-14
  0.910E-01  0.327E+12  0.617E-15  0.550E-15
  0.143E+00  0.515E+12  0.184E-15  0.176E-15
  0.225E+00  0.809E+12  0.578E-16  0.569E-16
  0.359E+00  0.129E+13  0.178E-16  0.177E-16
  0.572E+00  0.205E+13  0.555E-17  0.553E-17
  0.899E+00  0.323E+13  0.181E-17  0.180E-17
  0.143E+01  0.515E+13  0.558E-18  0.558E-18
  0.225E+01  0.809E+13  0.181E-18  0.181E-18
  0.358E+01  0.129E+14  0.562E-19  0.562E-19
  0.569E+01  0.205E+14  0.176E-19  0.176E-19
  0.891E+01  0.323E+14  0.566E-20  0.566E-20
  0.141E+02  0.515E+14  0.177E-20  0.177E-20
