 DENS, T, fainum_exp
  0.100E+11  0.250E+04  0.387E+14
 lAMBDA, n, np
  0.914E+03  0.100E+01  0.220E+02

  0.000E+00  0.734E-14  0.130E-12  0.138E+19
  0.898E+11  0.734E-14  0.130E-12  0.138E+19
  0.142E+12  0.734E-14  0.130E-12  0.138E+19
  0.226E+12  0.734E-14  0.130E-12  0.138E+19
  0.358E+12  0.734E-14  0.129E-12  0.138E+19
  0.567E+12  0.734E-14  0.127E-12  0.138E+19
  0.898E+12  0.734E-14  0.122E-12  0.138E+19
  0.142E+13  0.733E-14  0.111E-12  0.138E+19
  0.226E+13  0.733E-14  0.879E-13  0.138E+19
  0.358E+13  0.732E-14  0.525E-13  0.138E+19
  0.567E+13  0.730E-14  0.212E-13  0.138E+19
  0.898E+13  0.724E-14  0.666E-14  0.138E+19
  0.142E+14  0.709E-14  0.200E-14  0.138E+19
  0.226E+14  0.673E-14  0.613E-15  0.138E+19
  0.357E+14  0.591E-14  0.191E-15  0.138E+19
  0.566E+14  0.427E-14  0.591E-16  0.138E+19
  0.896E+14  0.189E-14  0.183E-16  0.138E+19
  0.142E+15  0.250E-15  0.577E-17  0.138E+19
  0.224E+15  0.397E-17  0.183E-17  0.138E+19
  0.354E+15  0.654E-18  0.583E-18  0.138E+19
  0.558E+15  0.195E-18  0.187E-18  0.138E+19
  0.876E+15  0.613E-19  0.603E-19  0.138E+19
  0.140E+16  0.189E-19  0.188E-19  0.138E+19
  0.223E+16  0.589E-20  0.587E-20  0.138E+19
  0.350E+16  0.192E-20  0.191E-20  0.138E+19
  0.558E+16  0.592E-21  0.592E-21  0.138E+19
  0.876E+16  0.192E-21  0.192E-21  0.138E+19
  0.140E+17  0.596E-22  0.596E-22  0.138E+19
  0.223E+17  0.186E-22  0.186E-22  0.138E+19
  0.350E+17  0.601E-23  0.601E-23  0.138E+19
  0.558E+17  0.187E-23  0.187E-23  0.138E+19
  0.876E+17  0.606E-24  0.606E-24  0.138E+19
