 DENS, T, fainum_exp
  0.100E+11  0.250E+04  0.387E+14
 lAMBDA, n, np
  0.914E+03  0.100E+01  0.220E+02
 32
  0.000E+00  0.000E+00  0.795E-11  0.141E-09
  0.231E-04  0.830E+08  0.795E-11  0.141E-09
  0.366E-04  0.131E+09  0.795E-11  0.141E-09
  0.580E-04  0.208E+09  0.795E-11  0.141E-09
  0.920E-04  0.330E+09  0.795E-11  0.140E-09
  0.146E-03  0.523E+09  0.795E-11  0.138E-09
  0.231E-03  0.829E+09  0.795E-11  0.132E-09
  0.366E-03  0.131E+10  0.794E-11  0.120E-09
  0.580E-03  0.208E+10  0.794E-11  0.952E-10
  0.920E-03  0.330E+10  0.793E-11  0.568E-10
  0.146E-02  0.523E+10  0.790E-11  0.230E-10
  0.231E-02  0.829E+10  0.784E-11  0.721E-11
  0.366E-02  0.131E+11  0.768E-11  0.217E-11
  0.580E-02  0.208E+11  0.729E-11  0.664E-12
  0.919E-02  0.330E+11  0.640E-11  0.207E-12
  0.146E-01  0.523E+11  0.462E-11  0.640E-13
  0.230E-01  0.827E+11  0.205E-11  0.198E-13
  0.365E-01  0.131E+12  0.271E-12  0.625E-14
  0.576E-01  0.207E+12  0.430E-14  0.198E-14
  0.910E-01  0.327E+12  0.708E-15  0.631E-15
  0.143E+00  0.515E+12  0.211E-15  0.202E-15
  0.225E+00  0.809E+12  0.664E-16  0.653E-16
  0.359E+00  0.129E+13  0.205E-16  0.203E-16
  0.572E+00  0.206E+13  0.637E-17  0.635E-17
  0.899E+00  0.323E+13  0.207E-17  0.207E-17
  0.143E+01  0.515E+13  0.642E-18  0.642E-18
  0.225E+01  0.809E+13  0.208E-18  0.208E-18
  0.358E+01  0.129E+14  0.646E-19  0.646E-19
  0.569E+01  0.206E+14  0.202E-19  0.202E-19
  0.891E+01  0.323E+14  0.651E-20  0.651E-20
  0.141E+02  0.515E+14  0.203E-20  0.203E-20
  0.220E+02  0.809E+14  0.656E-21  0.656E-21
