 DENS, T, fainum_exp
  0.100E+11  0.250E+04  0.568E+14
 lAMBDA, n, np
  0.367E+04  0.200E+01  0.250E+02
 47
  0.000E+00  0.000E+00  0.292E-10  0.104E-09
  0.920E-04  0.205E+08  0.292E-10  0.104E-09
  0.146E-03  0.324E+08  0.292E-10  0.104E-09
  0.231E-03  0.514E+08  0.292E-10  0.104E-09
  0.366E-03  0.815E+08  0.292E-10  0.104E-09
  0.580E-03  0.129E+09  0.292E-10  0.104E-09
  0.920E-03  0.205E+09  0.292E-10  0.104E-09
  0.146E-02  0.324E+09  0.292E-10  0.103E-09
  0.231E-02  0.514E+09  0.292E-10  0.103E-09
  0.366E-02  0.815E+09  0.291E-10  0.101E-09
  0.580E-02  0.129E+10  0.290E-10  0.960E-10
  0.920E-02  0.205E+10  0.288E-10  0.849E-10
  0.146E-01  0.324E+10  0.283E-10  0.628E-10
  0.231E-01  0.514E+10  0.271E-10  0.331E-10
  0.366E-01  0.814E+10  0.242E-10  0.119E-10
  0.580E-01  0.129E+11  0.183E-10  0.360E-11
  0.919E-01  0.204E+11  0.917E-11  0.108E-11
  0.145E+00  0.324E+11  0.184E-11  0.329E-12
  0.230E+00  0.512E+11  0.159E-12  0.102E-12
  0.364E+00  0.811E+11  0.348E-13  0.307E-13
  0.576E+00  0.128E+12  0.101E-13  0.971E-14
  0.909E+00  0.202E+12  0.314E-14  0.309E-14
  0.143E+01  0.318E+12  0.997E-15  0.990E-15
  0.224E+01  0.499E+12  0.321E-15  0.321E-15
  0.350E+01  0.779E+12  0.105E-15  0.105E-15
  0.540E+01  0.120E+13  0.353E-16  0.353E-16
  0.822E+01  0.183E+13  0.122E-16  0.122E-16
  0.123E+02  0.274E+13  0.444E-17  0.444E-17
  0.178E+02  0.398E+13  0.173E-17  0.173E-17
  0.202E+02  0.453E+13  0.127E-17  0.127E-17
  0.299E+02  0.670E+13  0.471E-18  0.471E-18
  0.428E+02  0.963E+13  0.189E-18  0.189E-18
  0.494E+02  0.111E+14  0.133E-18  0.133E-18
  0.721E+02  0.164E+14  0.539E-19  0.539E-19
  0.806E+02  0.183E+14  0.401E-19  0.401E-19
  0.101E+03  0.232E+14  0.219E-19  0.219E-19
  0.119E+03  0.274E+14  0.145E-19  0.145E-19
  0.170E+03  0.398E+14  0.569E-20  0.569E-20
  0.193E+03  0.453E+14  0.412E-20  0.412E-20
  0.234E+03  0.557E+14  0.246E-20  0.246E-20
  0.278E+03  0.670E+14  0.154E-20  0.154E-20
  0.387E+03  0.963E+14  0.624E-21  0.624E-21
  0.441E+03  0.111E+15  0.433E-21  0.433E-21
  0.514E+03  0.133E+15  0.279E-21  0.279E-21
  0.613E+03  0.164E+15  0.166E-21  0.166E-21
  0.812E+03  0.232E+15  0.692E-22  0.692E-22
  0.102E+04  0.315E+15  0.322E-22  0.322E-22
