 DENS, T, fainum_exp
  0.100E+11  0.250E+04  0.568E+14
 lAMBDA, n, np
  0.367E+04  0.200E+01  0.250E+02

  0.000E+00  0.269E-13  0.959E-13  0.202E+19
  0.222E+11  0.269E-13  0.959E-13  0.202E+19
  0.351E+11  0.269E-13  0.959E-13  0.202E+19
  0.557E+11  0.269E-13  0.959E-13  0.202E+19
  0.882E+11  0.269E-13  0.959E-13  0.202E+19
  0.140E+12  0.269E-13  0.958E-13  0.202E+19
  0.222E+12  0.269E-13  0.958E-13  0.202E+19
  0.351E+12  0.269E-13  0.955E-13  0.202E+19
  0.557E+12  0.269E-13  0.948E-13  0.202E+19
  0.882E+12  0.269E-13  0.930E-13  0.202E+19
  0.140E+13  0.268E-13  0.886E-13  0.202E+19
  0.222E+13  0.266E-13  0.784E-13  0.202E+19
  0.351E+13  0.262E-13  0.580E-13  0.202E+19
  0.556E+13  0.250E-13  0.305E-13  0.202E+19
  0.882E+13  0.223E-13  0.110E-13  0.202E+19
  0.140E+14  0.169E-13  0.333E-14  0.202E+19
  0.221E+14  0.847E-14  0.994E-15  0.202E+19
  0.351E+14  0.170E-14  0.303E-15  0.202E+19
  0.555E+14  0.146E-15  0.941E-16  0.202E+19
  0.878E+14  0.322E-16  0.284E-16  0.202E+19
  0.139E+15  0.934E-17  0.897E-17  0.202E+19
  0.219E+15  0.290E-17  0.285E-17  0.202E+19
  0.345E+15  0.921E-18  0.914E-18  0.202E+19
  0.541E+15  0.297E-18  0.296E-18  0.202E+19
  0.843E+15  0.973E-19  0.972E-19  0.202E+19
  0.130E+16  0.326E-19  0.326E-19  0.202E+19
  0.198E+16  0.113E-19  0.113E-19  0.202E+19
  0.296E+16  0.410E-20  0.410E-20  0.202E+19
  0.431E+16  0.160E-20  0.160E-20  0.202E+19
  0.490E+16  0.117E-20  0.117E-20  0.202E+19
  0.726E+16  0.435E-21  0.435E-21  0.202E+19
  0.104E+17  0.175E-21  0.175E-21  0.202E+19
  0.121E+17  0.123E-21  0.123E-21  0.202E+19
  0.177E+17  0.497E-22  0.497E-22  0.202E+19
  0.198E+17  0.371E-22  0.371E-22  0.202E+19
  0.251E+17  0.202E-22  0.202E-22  0.202E+19
  0.296E+17  0.134E-22  0.134E-22  0.202E+19
  0.431E+17  0.526E-23  0.526E-23  0.202E+19
  0.490E+17  0.381E-23  0.381E-23  0.202E+19
  0.603E+17  0.227E-23  0.227E-23  0.202E+19
  0.726E+17  0.142E-23  0.142E-23  0.202E+19
  0.104E+18  0.576E-24  0.576E-24  0.202E+19
  0.121E+18  0.400E-24  0.400E-24  0.202E+19
  0.144E+18  0.258E-24  0.258E-24  0.202E+19
  0.177E+18  0.153E-24  0.153E-24  0.202E+19
  0.251E+18  0.639E-25  0.639E-25  0.202E+19
  0.341E+18  0.297E-25  0.297E-25  0.202E+19
