 DENS, T, fainum_exp
  0.100E+11  0.250E+04  0.122E+14
 lAMBDA, n, np
  0.916E+03  0.100E+01  0.150E+02

  0.000E+00  0.740E-14  0.324E-12  0.435E+18
  0.225E+11  0.740E-14  0.324E-12  0.435E+18
  0.356E+11  0.740E-14  0.324E-12  0.435E+18
  0.564E+11  0.740E-14  0.324E-12  0.435E+18
  0.894E+11  0.740E-14  0.323E-12  0.435E+18
  0.142E+12  0.740E-14  0.321E-12  0.435E+18
  0.225E+12  0.740E-14  0.315E-12  0.435E+18
  0.356E+12  0.740E-14  0.302E-12  0.435E+18
  0.564E+12  0.740E-14  0.274E-12  0.435E+18
  0.894E+12  0.740E-14  0.217E-12  0.435E+18
  0.142E+13  0.740E-14  0.131E-12  0.435E+18
  0.225E+13  0.740E-14  0.553E-13  0.435E+18
  0.356E+13  0.739E-14  0.180E-13  0.435E+18
  0.564E+13  0.736E-14  0.551E-14  0.435E+18
  0.893E+13  0.730E-14  0.172E-14  0.435E+18
  0.141E+14  0.715E-14  0.549E-15  0.435E+18
  0.224E+14  0.679E-14  0.174E-15  0.435E+18
  0.354E+14  0.596E-14  0.568E-16  0.435E+18
  0.560E+14  0.432E-14  0.185E-16  0.435E+18
  0.884E+14  0.193E-14  0.600E-17  0.435E+18
  0.139E+15  0.257E-15  0.190E-17  0.435E+18
  0.218E+15  0.238E-17  0.615E-18  0.435E+18
  0.348E+15  0.216E-18  0.191E-18  0.435E+18
  0.545E+15  0.649E-19  0.621E-19  0.435E+18
  0.872E+15  0.196E-19  0.192E-19  0.435E+18
  0.139E+16  0.603E-20  0.599E-20  0.435E+18
  0.218E+16  0.195E-20  0.194E-20  0.435E+18
  0.348E+16  0.611E-21  0.611E-21  0.435E+18
  0.555E+16  0.189E-21  0.189E-21  0.435E+18
  0.872E+16  0.612E-22  0.612E-22  0.435E+18
  0.139E+17  0.190E-22  0.190E-22  0.435E+18
  0.218E+17  0.618E-23  0.618E-23  0.435E+18
  0.348E+17  0.192E-23  0.192E-23  0.435E+18
  0.555E+17  0.598E-24  0.598E-24  0.435E+18
  0.872E+17  0.194E-24  0.194E-24  0.435E+18
