 DENS, T, fainum_exp
  0.100E+11  0.250E+04  0.122E+14
 lAMBDA, n, np
  0.916E+03  0.100E+01  0.150E+02
 35
  0.000E+00  0.000E+00  0.801E-11  0.351E-09
  0.580E-05  0.207E+08  0.801E-11  0.351E-09
  0.920E-05  0.329E+08  0.801E-11  0.351E-09
  0.146E-04  0.521E+08  0.801E-11  0.351E-09
  0.231E-04  0.826E+08  0.801E-11  0.350E-09
  0.366E-04  0.131E+09  0.801E-11  0.347E-09
  0.580E-04  0.207E+09  0.801E-11  0.341E-09
  0.920E-04  0.329E+09  0.801E-11  0.328E-09
  0.146E-03  0.521E+09  0.801E-11  0.297E-09
  0.231E-03  0.825E+09  0.801E-11  0.235E-09
  0.366E-03  0.131E+10  0.801E-11  0.142E-09
  0.580E-03  0.207E+10  0.801E-11  0.599E-10
  0.919E-03  0.329E+10  0.800E-11  0.195E-10
  0.146E-02  0.521E+10  0.797E-11  0.597E-11
  0.231E-02  0.825E+10  0.791E-11  0.186E-11
  0.365E-02  0.131E+11  0.774E-11  0.594E-12
  0.578E-02  0.207E+11  0.735E-11  0.189E-12
  0.915E-02  0.327E+11  0.646E-11  0.615E-13
  0.145E-01  0.517E+11  0.468E-11  0.200E-13
  0.228E-01  0.816E+11  0.209E-11  0.649E-14
  0.359E-01  0.128E+12  0.278E-12  0.206E-14
  0.564E-01  0.201E+12  0.257E-14  0.666E-15
  0.900E-01  0.322E+12  0.234E-15  0.207E-15
  0.141E+00  0.504E+12  0.702E-16  0.672E-16
  0.225E+00  0.805E+12  0.212E-16  0.208E-16
  0.359E+00  0.128E+13  0.653E-17  0.649E-17
  0.563E+00  0.201E+13  0.211E-17  0.210E-17
  0.899E+00  0.322E+13  0.662E-18  0.662E-18
  0.143E+01  0.513E+13  0.205E-18  0.205E-18
  0.225E+01  0.805E+13  0.663E-19  0.663E-19
  0.358E+01  0.128E+14  0.206E-19  0.206E-19
  0.560E+01  0.201E+14  0.669E-20  0.669E-20
  0.891E+01  0.322E+14  0.208E-20  0.208E-20
  0.141E+02  0.513E+14  0.648E-21  0.648E-21
  0.220E+02  0.805E+14  0.210E-21  0.210E-21
