 DENS, T, fainum_exp
  0.100E+11  0.250E+04  0.620E+13
 lAMBDA, n, np
  0.918E+03  0.100E+01  0.120E+02

  0.000E+00  0.742E-14  0.551E-12  0.221E+18
  0.890E+10  0.742E-14  0.551E-12  0.221E+18
  0.141E+11  0.742E-14  0.551E-12  0.221E+18
  0.223E+11  0.742E-14  0.550E-12  0.221E+18
  0.354E+11  0.742E-14  0.550E-12  0.221E+18
  0.561E+11  0.742E-14  0.548E-12  0.221E+18
  0.890E+11  0.742E-14  0.544E-12  0.221E+18
  0.141E+12  0.742E-14  0.533E-12  0.221E+18
  0.223E+12  0.742E-14  0.508E-12  0.221E+18
  0.354E+12  0.742E-14  0.453E-12  0.221E+18
  0.561E+12  0.742E-14  0.348E-12  0.221E+18
  0.889E+12  0.742E-14  0.201E-12  0.221E+18
  0.141E+13  0.742E-14  0.813E-13  0.221E+18
  0.223E+13  0.742E-14  0.265E-13  0.221E+18
  0.354E+13  0.741E-14  0.815E-14  0.221E+18
  0.560E+13  0.738E-14  0.245E-14  0.221E+18
  0.887E+13  0.733E-14  0.795E-15  0.221E+18
  0.140E+14  0.717E-14  0.261E-15  0.221E+18
  0.222E+14  0.682E-14  0.864E-16  0.221E+18
  0.351E+14  0.600E-14  0.286E-16  0.221E+18
  0.553E+14  0.438E-14  0.945E-17  0.221E+18
  0.868E+14  0.200E-14  0.313E-17  0.221E+18
  0.136E+15  0.280E-15  0.104E-17  0.221E+18
  0.217E+15  0.199E-17  0.317E-18  0.221E+18
  0.338E+15  0.120E-18  0.104E-18  0.221E+18
  0.553E+15  0.320E-19  0.307E-19  0.221E+18
  0.868E+15  0.101E-19  0.991E-20  0.221E+18
  0.136E+16  0.326E-20  0.324E-20  0.221E+18
  0.217E+16  0.100E-20  0.100E-20  0.221E+18
  0.338E+16  0.338E-21  0.337E-21  0.221E+18
  0.553E+16  0.974E-22  0.974E-22  0.221E+18
  0.868E+16  0.315E-22  0.315E-22  0.221E+18
  0.136E+17  0.103E-22  0.103E-22  0.221E+18
  0.217E+17  0.318E-23  0.318E-23  0.221E+18
  0.338E+17  0.105E-23  0.105E-23  0.221E+18
  0.553E+17  0.308E-24  0.308E-24  0.221E+18
  0.868E+17  0.997E-25  0.997E-25  0.221E+18
  0.136E+18  0.327E-25  0.327E-25  0.221E+18
