 DENS, T, fainum_exp
  0.100E+11  0.250E+04  0.620E+13
 lAMBDA, n, np
  0.918E+03  0.100E+01  0.120E+02
 38
  0.000E+00  0.000E+00  0.804E-11  0.597E-09
  0.231E-05  0.821E+07  0.804E-11  0.596E-09
  0.366E-05  0.130E+08  0.804E-11  0.596E-09
  0.580E-05  0.206E+08  0.804E-11  0.596E-09
  0.920E-05  0.327E+08  0.804E-11  0.596E-09
  0.146E-04  0.518E+08  0.804E-11  0.594E-09
  0.231E-04  0.821E+08  0.804E-11  0.589E-09
  0.366E-04  0.130E+09  0.804E-11  0.577E-09
  0.580E-04  0.206E+09  0.804E-11  0.551E-09
  0.920E-04  0.327E+09  0.804E-11  0.491E-09
  0.146E-03  0.518E+09  0.804E-11  0.377E-09
  0.231E-03  0.821E+09  0.804E-11  0.218E-09
  0.366E-03  0.130E+10  0.804E-11  0.880E-10
  0.580E-03  0.206E+10  0.803E-11  0.287E-10
  0.919E-03  0.327E+10  0.803E-11  0.883E-11
  0.146E-02  0.517E+10  0.800E-11  0.265E-11
  0.230E-02  0.819E+10  0.793E-11  0.861E-12
  0.365E-02  0.130E+11  0.777E-11  0.283E-12
  0.577E-02  0.205E+11  0.738E-11  0.936E-13
  0.910E-02  0.324E+11  0.650E-11  0.310E-13
  0.143E-01  0.510E+11  0.474E-11  0.102E-13
  0.225E-01  0.801E+11  0.217E-11  0.339E-14
  0.352E-01  0.125E+12  0.304E-12  0.113E-14
  0.564E-01  0.200E+12  0.215E-14  0.343E-15
  0.879E-01  0.312E+12  0.130E-15  0.113E-15
  0.143E+00  0.510E+12  0.347E-16  0.332E-16
  0.225E+00  0.801E+12  0.109E-16  0.107E-16
  0.352E+00  0.125E+13  0.353E-17  0.351E-17
  0.563E+00  0.200E+13  0.109E-17  0.108E-17
  0.878E+00  0.312E+13  0.366E-18  0.365E-18
  0.143E+01  0.510E+13  0.106E-18  0.106E-18
  0.225E+01  0.801E+13  0.341E-19  0.341E-19
  0.351E+01  0.125E+14  0.112E-19  0.112E-19
  0.560E+01  0.200E+14  0.345E-20  0.345E-20
  0.870E+01  0.312E+14  0.114E-20  0.114E-20
  0.141E+02  0.510E+14  0.334E-21  0.334E-21
  0.220E+02  0.801E+14  0.108E-21  0.108E-21
  0.339E+02  0.125E+15  0.354E-22  0.354E-22
