 DENS, T, fainum_exp
  0.100E+11  0.250E+04  0.357E+13
 lAMBDA, n, np
  0.902E+04  0.300E+01  0.100E+02

  0.000E+00  0.711E-13  0.856E-12  0.127E+18
  0.232E+09  0.711E-13  0.856E-12  0.127E+18
  0.367E+09  0.711E-13  0.856E-12  0.127E+18
  0.582E+09  0.711E-13  0.856E-12  0.127E+18
  0.922E+09  0.711E-13  0.856E-12  0.127E+18
  0.146E+10  0.711E-13  0.856E-12  0.127E+18
  0.232E+10  0.711E-13  0.856E-12  0.127E+18
  0.367E+10  0.711E-13  0.856E-12  0.127E+18
  0.582E+10  0.711E-13  0.856E-12  0.127E+18
  0.922E+10  0.711E-13  0.856E-12  0.127E+18
  0.146E+11  0.711E-13  0.856E-12  0.127E+18
  0.232E+11  0.711E-13  0.855E-12  0.127E+18
  0.367E+11  0.711E-13  0.852E-12  0.127E+18
  0.582E+11  0.711E-13  0.844E-12  0.127E+18
  0.922E+11  0.711E-13  0.826E-12  0.127E+18
  0.146E+12  0.711E-13  0.784E-12  0.127E+18
  0.231E+12  0.711E-13  0.692E-12  0.127E+18
  0.366E+12  0.710E-13  0.523E-12  0.127E+18
  0.580E+12  0.707E-13  0.299E-12  0.127E+18
  0.917E+12  0.702E-13  0.123E-12  0.127E+18
  0.145E+13  0.687E-13  0.411E-13  0.127E+18
  0.228E+13  0.653E-13  0.129E-13  0.127E+18
  0.359E+13  0.577E-13  0.396E-14  0.127E+18
  0.562E+13  0.425E-13  0.131E-14  0.127E+18
  0.874E+13  0.202E-13  0.447E-15  0.127E+18
  0.134E+14  0.323E-14  0.158E-15  0.127E+18
  0.203E+14  0.112E-15  0.578E-16  0.127E+18
  0.301E+14  0.270E-16  0.223E-16  0.127E+18
  0.432E+14  0.998E-17  0.933E-17  0.127E+18
  0.501E+14  0.690E-17  0.657E-17  0.127E+18
  0.734E+14  0.263E-17  0.257E-17  0.127E+18
  0.178E+15  0.289E-18  0.288E-18  0.127E+18
  0.203E+15  0.211E-18  0.210E-18  0.127E+18
  0.301E+15  0.782E-19  0.781E-19  0.127E+18
  0.432E+15  0.316E-19  0.316E-19  0.127E+18
  0.501E+15  0.220E-19  0.220E-19  0.127E+18
  0.734E+15  0.839E-20  0.839E-20  0.127E+18
  0.824E+15  0.637E-20  0.637E-20  0.127E+18
  0.104E+16  0.352E-20  0.352E-20  0.127E+18
  0.123E+16  0.232E-20  0.232E-20  0.127E+18
  0.178E+16  0.912E-21  0.912E-21  0.127E+18
  0.203E+16  0.665E-21  0.665E-21  0.127E+18
  0.301E+16  0.244E-21  0.244E-21  0.127E+18
  0.432E+16  0.104E-21  0.104E-21  0.127E+18
  0.501E+16  0.721E-22  0.721E-22  0.127E+18
  0.734E+16  0.275E-22  0.275E-22  0.127E+18
  0.824E+16  0.206E-22  0.206E-22  0.127E+18
  0.104E+17  0.115E-22  0.115E-22  0.127E+18
  0.123E+17  0.758E-23  0.758E-23  0.127E+18
  0.178E+17  0.299E-23  0.299E-23  0.127E+18
  0.203E+17  0.215E-23  0.215E-23  0.127E+18
  0.249E+17  0.130E-23  0.130E-23  0.127E+18
  0.301E+17  0.809E-24  0.809E-24  0.127E+18
  0.432E+17  0.329E-24  0.329E-24  0.127E+18
  0.501E+17  0.226E-24  0.226E-24  0.127E+18
  0.594E+17  0.148E-24  0.148E-24  0.127E+18
  0.734E+17  0.871E-25  0.871E-25  0.127E+18
  0.104E+18  0.365E-25  0.365E-25  0.127E+18
