 DENS, T, fainum_exp
  0.100E+11  0.250E+04  0.357E+13
 lAMBDA, n, np
  0.902E+04  0.300E+01  0.100E+02
 58
  0.000E+00  0.000E+00  0.770E-10  0.927E-09
  0.580E-05  0.214E+06  0.770E-10  0.927E-09
  0.920E-05  0.339E+06  0.770E-10  0.927E-09
  0.146E-04  0.537E+06  0.770E-10  0.927E-09
  0.231E-04  0.852E+06  0.770E-10  0.927E-09
  0.366E-04  0.135E+07  0.770E-10  0.927E-09
  0.580E-04  0.214E+07  0.770E-10  0.927E-09
  0.920E-04  0.339E+07  0.770E-10  0.927E-09
  0.146E-03  0.537E+07  0.770E-10  0.927E-09
  0.231E-03  0.852E+07  0.770E-10  0.927E-09
  0.366E-03  0.135E+08  0.770E-10  0.927E-09
  0.580E-03  0.214E+08  0.770E-10  0.926E-09
  0.919E-03  0.339E+08  0.770E-10  0.922E-09
  0.146E-02  0.537E+08  0.770E-10  0.914E-09
  0.231E-02  0.851E+08  0.770E-10  0.894E-09
  0.366E-02  0.135E+09  0.770E-10  0.849E-09
  0.579E-02  0.214E+09  0.770E-10  0.750E-09
  0.918E-02  0.338E+09  0.769E-10  0.567E-09
  0.145E-01  0.535E+09  0.766E-10  0.324E-09
  0.230E-01  0.847E+09  0.760E-10  0.133E-09
  0.363E-01  0.134E+10  0.745E-10  0.446E-10
  0.572E-01  0.211E+10  0.708E-10  0.140E-10
  0.900E-01  0.332E+10  0.624E-10  0.429E-11
  0.141E+00  0.519E+10  0.460E-10  0.142E-11
  0.219E+00  0.807E+10  0.219E-10  0.485E-12
  0.337E+00  0.124E+11  0.350E-11  0.171E-12
  0.509E+00  0.188E+11  0.121E-12  0.626E-13
  0.754E+00  0.278E+11  0.292E-13  0.242E-13
  0.108E+01  0.398E+11  0.108E-13  0.101E-13
  0.125E+01  0.463E+11  0.747E-14  0.711E-14
  0.184E+01  0.678E+11  0.285E-14  0.279E-14
  0.446E+01  0.165E+12  0.313E-15  0.312E-15
  0.509E+01  0.188E+12  0.228E-15  0.227E-15
  0.753E+01  0.278E+12  0.847E-16  0.846E-16
  0.108E+02  0.398E+12  0.343E-16  0.343E-16
  0.125E+02  0.463E+12  0.238E-16  0.238E-16
  0.183E+02  0.678E+12  0.909E-17  0.909E-17
  0.206E+02  0.761E+12  0.690E-17  0.690E-17
  0.260E+02  0.960E+12  0.382E-17  0.382E-17
  0.307E+02  0.114E+13  0.252E-17  0.252E-17
  0.444E+02  0.165E+13  0.988E-18  0.987E-18
  0.507E+02  0.188E+13  0.720E-18  0.720E-18
  0.748E+02  0.278E+13  0.264E-18  0.264E-18
  0.107E+03  0.398E+13  0.113E-18  0.113E-18
  0.124E+03  0.463E+13  0.780E-19  0.780E-19
  0.180E+03  0.678E+13  0.298E-19  0.298E-19
  0.202E+03  0.761E+13  0.223E-19  0.223E-19
  0.253E+03  0.960E+13  0.125E-19  0.125E-19
  0.298E+03  0.114E+14  0.821E-20  0.821E-20
  0.426E+03  0.165E+14  0.324E-20  0.324E-20
  0.482E+03  0.188E+14  0.233E-20  0.233E-20
  0.584E+03  0.230E+14  0.141E-20  0.141E-20
  0.696E+03  0.278E+14  0.876E-21  0.876E-21
  0.965E+03  0.398E+14  0.356E-21  0.356E-21
  0.110E+04  0.463E+14  0.245E-21  0.245E-21
  0.128E+04  0.549E+14  0.160E-21  0.160E-21
  0.153E+04  0.678E+14  0.943E-22  0.943E-22
  0.202E+04  0.960E+14  0.395E-22  0.395E-22
