 DENS, T, fainum_exp
  0.100E+11  0.250E+04  0.211E+14
 lAMBDA, n, np
  0.369E+04  0.200E+01  0.180E+02
 52
  0.000E+00  0.000E+00  0.311E-10  0.214E-09
  0.366E-04  0.805E+07  0.311E-10  0.214E-09
  0.580E-04  0.128E+08  0.311E-10  0.214E-09
  0.920E-04  0.202E+08  0.311E-10  0.214E-09
  0.146E-03  0.320E+08  0.311E-10  0.214E-09
  0.231E-03  0.508E+08  0.311E-10  0.214E-09
  0.366E-03  0.805E+08  0.311E-10  0.214E-09
  0.580E-03  0.128E+09  0.311E-10  0.213E-09
  0.920E-03  0.202E+09  0.311E-10  0.212E-09
  0.146E-02  0.320E+09  0.311E-10  0.208E-09
  0.231E-02  0.508E+09  0.311E-10  0.201E-09
  0.366E-02  0.805E+09  0.310E-10  0.183E-09
  0.580E-02  0.128E+10  0.309E-10  0.148E-09
  0.919E-02  0.202E+10  0.307E-10  0.935E-10
  0.146E-01  0.320E+10  0.301E-10  0.419E-10
  0.231E-01  0.507E+10  0.287E-10  0.143E-10
  0.365E-01  0.803E+10  0.255E-10  0.438E-11
  0.578E-01  0.127E+11  0.188E-10  0.133E-11
  0.915E-01  0.201E+11  0.894E-11  0.389E-12
  0.145E+00  0.318E+11  0.147E-11  0.120E-12
  0.228E+00  0.501E+11  0.655E-13  0.379E-13
  0.358E+00  0.788E+11  0.137E-13  0.121E-13
  0.561E+00  0.123E+12  0.411E-14  0.393E-14
  0.873E+00  0.192E+12  0.132E-14  0.130E-14
  0.134E+01  0.295E+12  0.442E-15  0.439E-15
  0.203E+01  0.447E+12  0.154E-15  0.154E-15
  0.301E+01  0.663E+12  0.571E-16  0.570E-16
  0.433E+01  0.953E+12  0.230E-16  0.229E-16
  0.501E+01  0.110E+13  0.161E-16  0.161E-16
  0.735E+01  0.162E+13  0.611E-17  0.611E-17
  0.822E+01  0.181E+13  0.468E-17  0.468E-17
  0.104E+02  0.230E+13  0.255E-17  0.255E-17
  0.123E+02  0.271E+13  0.170E-17  0.170E-17
  0.178E+02  0.393E+13  0.661E-18  0.661E-18
  0.202E+02  0.447E+13  0.486E-18  0.486E-18
  0.299E+02  0.663E+13  0.180E-18  0.180E-18
  0.428E+02  0.953E+13  0.722E-19  0.722E-19
  0.495E+02  0.110E+14  0.508E-19  0.508E-19
  0.722E+02  0.162E+14  0.206E-19  0.206E-19
  0.806E+02  0.181E+14  0.154E-19  0.154E-19
  0.102E+03  0.230E+14  0.835E-20  0.835E-20
  0.119E+03  0.271E+14  0.553E-20  0.553E-20
  0.171E+03  0.393E+14  0.217E-20  0.217E-20
  0.193E+03  0.447E+14  0.158E-20  0.158E-20
  0.235E+03  0.551E+14  0.937E-21  0.937E-21
  0.279E+03  0.663E+14  0.590E-21  0.590E-21
  0.388E+03  0.953E+14  0.238E-21  0.238E-21
  0.441E+03  0.110E+15  0.166E-21  0.166E-21
  0.515E+03  0.132E+15  0.106E-21  0.106E-21
  0.614E+03  0.162E+15  0.634E-22  0.634E-22
  0.814E+03  0.230E+15  0.264E-22  0.264E-22
  0.103E+04  0.312E+15  0.123E-22  0.123E-22
