 DENS, T, fainum_exp
  0.100E+11  0.250E+04  0.211E+14
 lAMBDA, n, np
  0.369E+04  0.200E+01  0.180E+02

  0.000E+00  0.287E-13  0.198E-12  0.753E+18
  0.872E+10  0.287E-13  0.198E-12  0.753E+18
  0.138E+11  0.287E-13  0.198E-12  0.753E+18
  0.219E+11  0.287E-13  0.197E-12  0.753E+18
  0.347E+11  0.287E-13  0.197E-12  0.753E+18
  0.550E+11  0.287E-13  0.197E-12  0.753E+18
  0.872E+11  0.287E-13  0.197E-12  0.753E+18
  0.138E+12  0.287E-13  0.197E-12  0.753E+18
  0.219E+12  0.287E-13  0.195E-12  0.753E+18
  0.347E+12  0.287E-13  0.192E-12  0.753E+18
  0.550E+12  0.287E-13  0.185E-12  0.753E+18
  0.871E+12  0.287E-13  0.169E-12  0.753E+18
  0.138E+13  0.286E-13  0.137E-12  0.753E+18
  0.219E+13  0.284E-13  0.863E-13  0.753E+18
  0.347E+13  0.278E-13  0.387E-13  0.753E+18
  0.549E+13  0.265E-13  0.132E-13  0.753E+18
  0.870E+13  0.235E-13  0.405E-14  0.753E+18
  0.138E+14  0.174E-13  0.122E-14  0.753E+18
  0.218E+14  0.825E-14  0.359E-15  0.753E+18
  0.344E+14  0.136E-14  0.111E-15  0.753E+18
  0.543E+14  0.605E-16  0.350E-16  0.753E+18
  0.853E+14  0.126E-16  0.112E-16  0.753E+18
  0.134E+15  0.380E-17  0.363E-17  0.753E+18
  0.208E+15  0.122E-17  0.120E-17  0.753E+18
  0.320E+15  0.408E-18  0.405E-18  0.753E+18
  0.485E+15  0.143E-18  0.142E-18  0.753E+18
  0.718E+15  0.527E-19  0.527E-19  0.753E+18
  0.103E+16  0.212E-19  0.212E-19  0.753E+18
  0.119E+16  0.149E-19  0.149E-19  0.753E+18
  0.175E+16  0.565E-20  0.564E-20  0.753E+18
  0.196E+16  0.432E-20  0.432E-20  0.753E+18
  0.249E+16  0.235E-20  0.235E-20  0.753E+18
  0.293E+16  0.157E-20  0.157E-20  0.753E+18
  0.426E+16  0.611E-21  0.611E-21  0.753E+18
  0.485E+16  0.449E-21  0.449E-21  0.753E+18
  0.718E+16  0.166E-21  0.166E-21  0.753E+18
  0.103E+17  0.667E-22  0.667E-22  0.753E+18
  0.119E+17  0.469E-22  0.469E-22  0.753E+18
  0.175E+17  0.190E-22  0.190E-22  0.753E+18
  0.196E+17  0.142E-22  0.142E-22  0.753E+18
  0.249E+17  0.771E-23  0.771E-23  0.753E+18
  0.293E+17  0.511E-23  0.511E-23  0.753E+18
  0.426E+17  0.201E-23  0.201E-23  0.753E+18
  0.485E+17  0.146E-23  0.146E-23  0.753E+18
  0.597E+17  0.865E-24  0.865E-24  0.753E+18
  0.718E+17  0.544E-24  0.544E-24  0.753E+18
  0.103E+18  0.220E-24  0.220E-24  0.753E+18
  0.119E+18  0.153E-24  0.153E-24  0.753E+18
  0.142E+18  0.982E-25  0.982E-25  0.753E+18
  0.175E+18  0.585E-25  0.585E-25  0.753E+18
  0.249E+18  0.244E-25  0.244E-25  0.753E+18
  0.338E+18  0.113E-25  0.113E-25  0.753E+18
