 DENS, T, fainum_exp
  0.100E+11  0.250E+04  0.502E+14
 lAMBDA, n, np
  0.367E+04  0.200E+01  0.240E+02

  0.000E+00  0.272E-13  0.106E-12  0.179E+19
  0.221E+11  0.272E-13  0.106E-12  0.179E+19
  0.351E+11  0.272E-13  0.106E-12  0.179E+19
  0.556E+11  0.272E-13  0.106E-12  0.179E+19
  0.881E+11  0.272E-13  0.106E-12  0.179E+19
  0.140E+12  0.272E-13  0.106E-12  0.179E+19
  0.221E+12  0.272E-13  0.106E-12  0.179E+19
  0.351E+12  0.272E-13  0.105E-12  0.179E+19
  0.556E+12  0.272E-13  0.104E-12  0.179E+19
  0.881E+12  0.272E-13  0.102E-12  0.179E+19
  0.140E+13  0.271E-13  0.958E-13  0.179E+19
  0.221E+13  0.269E-13  0.824E-13  0.179E+19
  0.351E+13  0.264E-13  0.576E-13  0.179E+19
  0.556E+13  0.253E-13  0.280E-13  0.179E+19
  0.881E+13  0.225E-13  0.957E-14  0.179E+19
  0.140E+14  0.170E-13  0.288E-14  0.179E+19
  0.221E+14  0.839E-14  0.866E-15  0.179E+19
  0.350E+14  0.162E-14  0.266E-15  0.179E+19
  0.554E+14  0.130E-15  0.830E-16  0.179E+19
  0.877E+14  0.285E-16  0.251E-16  0.179E+19
  0.139E+15  0.827E-17  0.794E-17  0.179E+19
  0.219E+15  0.257E-17  0.253E-17  0.179E+19
  0.344E+15  0.816E-18  0.811E-18  0.179E+19
  0.540E+15  0.263E-18  0.262E-18  0.179E+19
  0.842E+15  0.863E-19  0.862E-19  0.179E+19
  0.130E+16  0.289E-19  0.289E-19  0.179E+19
  0.198E+16  0.100E-19  0.999E-20  0.179E+19
  0.296E+16  0.363E-20  0.363E-20  0.179E+19
  0.430E+16  0.142E-20  0.142E-20  0.179E+19
  0.490E+16  0.104E-20  0.104E-20  0.179E+19
  0.725E+16  0.385E-21  0.385E-21  0.179E+19
  0.104E+17  0.155E-21  0.155E-21  0.179E+19
  0.121E+17  0.109E-21  0.109E-21  0.179E+19
  0.177E+17  0.441E-22  0.441E-22  0.179E+19
  0.198E+17  0.329E-22  0.329E-22  0.179E+19
  0.251E+17  0.179E-22  0.179E-22  0.179E+19
  0.296E+17  0.118E-22  0.118E-22  0.179E+19
  0.430E+17  0.466E-23  0.466E-23  0.179E+19
  0.490E+17  0.337E-23  0.337E-23  0.179E+19
  0.602E+17  0.201E-23  0.201E-23  0.179E+19
  0.725E+17  0.126E-23  0.126E-23  0.179E+19
  0.104E+18  0.511E-24  0.511E-24  0.179E+19
  0.121E+18  0.354E-24  0.354E-24  0.179E+19
  0.144E+18  0.228E-24  0.228E-24  0.179E+19
  0.177E+18  0.136E-24  0.136E-24  0.179E+19
  0.251E+18  0.566E-25  0.566E-25  0.179E+19
