 DENS, T, fainum_exp
  0.100E+11  0.250E+04  0.502E+14
 lAMBDA, n, np
  0.367E+04  0.200E+01  0.240E+02
 46
  0.000E+00  0.000E+00  0.295E-10  0.115E-09
  0.920E-04  0.204E+08  0.295E-10  0.115E-09
  0.146E-03  0.324E+08  0.295E-10  0.115E-09
  0.231E-03  0.513E+08  0.295E-10  0.115E-09
  0.366E-03  0.814E+08  0.295E-10  0.115E-09
  0.580E-03  0.129E+09  0.295E-10  0.114E-09
  0.920E-03  0.204E+09  0.295E-10  0.114E-09
  0.146E-02  0.324E+09  0.295E-10  0.114E-09
  0.231E-02  0.513E+09  0.295E-10  0.113E-09
  0.366E-02  0.814E+09  0.295E-10  0.110E-09
  0.580E-02  0.129E+10  0.294E-10  0.104E-09
  0.920E-02  0.204E+10  0.292E-10  0.893E-10
  0.146E-01  0.324E+10  0.286E-10  0.623E-10
  0.231E-01  0.513E+10  0.274E-10  0.303E-10
  0.366E-01  0.813E+10  0.244E-10  0.104E-10
  0.580E-01  0.129E+11  0.184E-10  0.311E-11
  0.919E-01  0.204E+11  0.909E-11  0.938E-12
  0.145E+00  0.323E+11  0.176E-11  0.288E-12
  0.230E+00  0.512E+11  0.140E-12  0.899E-13
  0.364E+00  0.810E+11  0.308E-13  0.272E-13
  0.576E+00  0.128E+12  0.896E-14  0.860E-14
  0.909E+00  0.202E+12  0.278E-14  0.274E-14
  0.143E+01  0.318E+12  0.883E-15  0.878E-15
  0.224E+01  0.499E+12  0.285E-15  0.284E-15
  0.350E+01  0.778E+12  0.934E-16  0.933E-16
  0.540E+01  0.120E+13  0.313E-16  0.313E-16
  0.822E+01  0.183E+13  0.108E-16  0.108E-16
  0.123E+02  0.274E+13  0.393E-17  0.393E-17
  0.178E+02  0.397E+13  0.153E-17  0.153E-17
  0.202E+02  0.452E+13  0.113E-17  0.113E-17
  0.299E+02  0.670E+13  0.417E-18  0.417E-18
  0.428E+02  0.962E+13  0.168E-18  0.168E-18
  0.494E+02  0.111E+14  0.118E-18  0.118E-18
  0.721E+02  0.163E+14  0.478E-19  0.478E-19
  0.806E+02  0.183E+14  0.356E-19  0.356E-19
  0.101E+03  0.232E+14  0.194E-19  0.194E-19
  0.119E+03  0.274E+14  0.128E-19  0.128E-19
  0.170E+03  0.397E+14  0.505E-20  0.505E-20
  0.193E+03  0.452E+14  0.365E-20  0.365E-20
  0.234E+03  0.556E+14  0.218E-20  0.218E-20
  0.278E+03  0.670E+14  0.137E-20  0.137E-20
  0.387E+03  0.962E+14  0.553E-21  0.553E-21
  0.441E+03  0.111E+15  0.384E-21  0.384E-21
  0.514E+03  0.133E+15  0.247E-21  0.247E-21
  0.613E+03  0.163E+15  0.147E-21  0.147E-21
  0.812E+03  0.232E+15  0.613E-22  0.613E-22
