 DENS, T, fainum_exp
  0.100E+11  0.250E+04  0.419E+12
 lAMBDA, n, np
  0.950E+03  0.100E+01  0.500E+01
 46
  0.000E+00  0.000E+00  0.834E-11  0.642E-08
  0.231E-06  0.768E+06  0.834E-11  0.642E-08
  0.366E-06  0.122E+07  0.834E-11  0.642E-08
  0.580E-06  0.193E+07  0.834E-11  0.642E-08
  0.920E-06  0.306E+07  0.834E-11  0.642E-08
  0.146E-05  0.484E+07  0.834E-11  0.637E-08
  0.231E-05  0.767E+07  0.834E-11  0.631E-08
  0.366E-05  0.122E+08  0.834E-11  0.613E-08
  0.579E-05  0.193E+08  0.834E-11  0.574E-08
  0.918E-05  0.305E+08  0.834E-11  0.493E-08
  0.145E-04  0.483E+08  0.834E-11  0.363E-08
  0.230E-04  0.764E+08  0.834E-11  0.213E-08
  0.363E-04  0.121E+09  0.834E-11  0.994E-09
  0.573E-04  0.190E+09  0.834E-11  0.393E-09
  0.901E-04  0.299E+09  0.834E-11  0.142E-09
  0.141E-03  0.469E+09  0.834E-11  0.498E-10
  0.219E-03  0.729E+09  0.834E-11  0.173E-10
  0.338E-03  0.112E+10  0.833E-11  0.608E-11
  0.513E-03  0.170E+10  0.833E-11  0.212E-11
  0.761E-03  0.253E+10  0.832E-11  0.796E-12
  0.110E-02  0.364E+10  0.831E-11  0.326E-12
  0.126E-02  0.420E+10  0.831E-11  0.233E-12
  0.186E-02  0.617E+10  0.827E-11  0.910E-13
  0.310E-02  0.103E+11  0.814E-11  0.265E-13
  0.513E-02  0.170E+11  0.782E-11  0.799E-14
  0.838E-02  0.279E+11  0.703E-11  0.247E-14
  0.126E-01  0.420E+11  0.565E-11  0.917E-15
  0.208E-01  0.690E+11  0.288E-11  0.280E-15
  0.310E-01  0.103E+12  0.616E-12  0.106E-15
  0.513E-01  0.170E+12  0.461E-14  0.317E-16
  0.761E-01  0.253E+12  0.176E-16  0.121E-16
  0.126E+00  0.420E+12  0.373E-17  0.352E-17
  0.207E+00  0.690E+12  0.106E-17  0.104E-17
  0.310E+00  0.103E+13  0.379E-18  0.375E-18
  0.512E+00  0.170E+13  0.108E-18  0.108E-18
  0.760E+00  0.253E+13  0.428E-19  0.427E-19
  0.126E+01  0.420E+13  0.116E-19  0.116E-19
  0.207E+01  0.690E+13  0.335E-20  0.335E-20
  0.309E+01  0.103E+14  0.122E-20  0.122E-20
  0.510E+01  0.170E+14  0.349E-21  0.349E-21
  0.755E+01  0.253E+14  0.130E-21  0.130E-21
  0.125E+02  0.420E+14  0.366E-22  0.366E-22
  0.203E+02  0.690E+14  0.106E-22  0.106E-22
  0.301E+02  0.103E+15  0.387E-23  0.387E-23
  0.486E+02  0.170E+15  0.110E-23  0.110E-23
  0.704E+02  0.253E+15  0.412E-24  0.412E-24
