 DENS, T, fainum_exp
  0.100E+11  0.250E+04  0.419E+12
 lAMBDA, n, np
  0.950E+03  0.100E+01  0.500E+01

  0.000E+00  0.770E-14  0.593E-11  0.149E+17
  0.831E+09  0.770E-14  0.593E-11  0.149E+17
  0.132E+10  0.770E-14  0.593E-11  0.149E+17
  0.209E+10  0.770E-14  0.593E-11  0.149E+17
  0.331E+10  0.770E-14  0.593E-11  0.149E+17
  0.525E+10  0.770E-14  0.589E-11  0.149E+17
  0.831E+10  0.770E-14  0.583E-11  0.149E+17
  0.132E+11  0.770E-14  0.566E-11  0.149E+17
  0.209E+11  0.770E-14  0.530E-11  0.149E+17
  0.330E+11  0.770E-14  0.455E-11  0.149E+17
  0.523E+11  0.770E-14  0.335E-11  0.149E+17
  0.827E+11  0.770E-14  0.197E-11  0.149E+17
  0.131E+12  0.770E-14  0.918E-12  0.149E+17
  0.206E+12  0.770E-14  0.363E-12  0.149E+17
  0.324E+12  0.770E-14  0.131E-12  0.149E+17
  0.508E+12  0.770E-14  0.460E-13  0.149E+17
  0.790E+12  0.770E-14  0.160E-13  0.149E+17
  0.122E+13  0.770E-14  0.562E-14  0.149E+17
  0.185E+13  0.769E-14  0.195E-14  0.149E+17
  0.274E+13  0.769E-14  0.735E-15  0.149E+17
  0.394E+13  0.768E-14  0.301E-15  0.149E+17
  0.455E+13  0.767E-14  0.215E-15  0.149E+17
  0.669E+13  0.763E-14  0.841E-16  0.149E+17
  0.112E+14  0.752E-14  0.245E-16  0.149E+17
  0.185E+14  0.722E-14  0.738E-17  0.149E+17
  0.302E+14  0.649E-14  0.228E-17  0.149E+17
  0.455E+14  0.521E-14  0.847E-18  0.149E+17
  0.747E+14  0.266E-14  0.259E-18  0.149E+17
  0.112E+15  0.568E-15  0.976E-19  0.149E+17
  0.185E+15  0.426E-17  0.293E-19  0.149E+17
  0.274E+15  0.162E-19  0.111E-19  0.149E+17
  0.455E+15  0.344E-20  0.325E-20  0.149E+17
  0.747E+15  0.977E-21  0.957E-21  0.149E+17
  0.112E+16  0.350E-21  0.347E-21  0.149E+17
  0.185E+16  0.999E-22  0.995E-22  0.149E+17
  0.274E+16  0.395E-22  0.394E-22  0.149E+17
  0.455E+16  0.107E-22  0.107E-22  0.149E+17
  0.747E+16  0.309E-23  0.309E-23  0.149E+17
  0.112E+17  0.113E-23  0.113E-23  0.149E+17
  0.185E+17  0.322E-24  0.322E-24  0.149E+17
  0.274E+17  0.120E-24  0.120E-24  0.149E+17
  0.455E+17  0.338E-25  0.338E-25  0.149E+17
  0.747E+17  0.978E-26  0.978E-26  0.149E+17
  0.112E+18  0.357E-26  0.357E-26  0.149E+17
  0.185E+18  0.102E-26  0.102E-26  0.149E+17
  0.274E+18  0.380E-27  0.380E-27  0.149E+17
