 DENS, T, fainum_exp
  0.100E+11  0.250E+04  0.442E+14
 lAMBDA, n, np
  0.913E+03  0.100E+01  0.230E+02
 32
  0.000E+00  0.000E+00  0.793E-11  0.127E-09
  0.231E-04  0.830E+08  0.793E-11  0.127E-09
  0.366E-04  0.132E+09  0.793E-11  0.127E-09
  0.580E-04  0.208E+09  0.793E-11  0.126E-09
  0.920E-04  0.330E+09  0.793E-11  0.126E-09
  0.146E-03  0.524E+09  0.793E-11  0.124E-09
  0.231E-03  0.830E+09  0.793E-11  0.121E-09
  0.366E-03  0.132E+10  0.793E-11  0.112E-09
  0.580E-03  0.208E+10  0.793E-11  0.924E-10
  0.920E-03  0.330E+10  0.792E-11  0.596E-10
  0.146E-02  0.524E+10  0.789E-11  0.262E-10
  0.231E-02  0.830E+10  0.783E-11  0.847E-11
  0.366E-02  0.132E+11  0.767E-11  0.253E-11
  0.580E-02  0.208E+11  0.728E-11  0.770E-12
  0.919E-02  0.330E+11  0.640E-11  0.238E-12
  0.146E-01  0.523E+11  0.462E-11  0.744E-13
  0.231E-01  0.829E+11  0.204E-11  0.226E-13
  0.365E-01  0.131E+12  0.271E-12  0.711E-14
  0.578E-01  0.208E+12  0.466E-14  0.225E-14
  0.915E-01  0.329E+12  0.797E-15  0.713E-15
  0.145E+00  0.520E+12  0.236E-15  0.227E-15
  0.228E+00  0.820E+12  0.735E-16  0.723E-16
  0.359E+00  0.129E+13  0.234E-16  0.232E-16
  0.572E+00  0.206E+13  0.728E-17  0.726E-17
  0.899E+00  0.323E+13  0.237E-17  0.237E-17
  0.143E+01  0.515E+13  0.733E-18  0.733E-18
  0.225E+01  0.809E+13  0.237E-18  0.237E-18
  0.358E+01  0.129E+14  0.737E-19  0.737E-19
  0.569E+01  0.206E+14  0.230E-19  0.230E-19
  0.891E+01  0.323E+14  0.743E-20  0.743E-20
  0.141E+02  0.515E+14  0.232E-20  0.232E-20
  0.220E+02  0.809E+14  0.750E-21  0.750E-21
