 DENS, T, fainum_exp
  0.100E+11  0.250E+04  0.442E+14
 lAMBDA, n, np
  0.913E+03  0.100E+01  0.230E+02

  0.000E+00  0.733E-14  0.117E-12  0.157E+19
  0.899E+11  0.733E-14  0.117E-12  0.157E+19
  0.142E+12  0.733E-14  0.117E-12  0.157E+19
  0.226E+12  0.733E-14  0.117E-12  0.157E+19
  0.358E+12  0.733E-14  0.116E-12  0.157E+19
  0.567E+12  0.733E-14  0.115E-12  0.157E+19
  0.899E+12  0.733E-14  0.111E-12  0.157E+19
  0.142E+13  0.733E-14  0.103E-12  0.157E+19
  0.226E+13  0.732E-14  0.853E-13  0.157E+19
  0.358E+13  0.731E-14  0.551E-13  0.157E+19
  0.567E+13  0.729E-14  0.242E-13  0.157E+19
  0.899E+13  0.723E-14  0.783E-14  0.157E+19
  0.142E+14  0.708E-14  0.234E-14  0.157E+19
  0.226E+14  0.672E-14  0.711E-15  0.157E+19
  0.358E+14  0.591E-14  0.220E-15  0.157E+19
  0.567E+14  0.426E-14  0.687E-16  0.157E+19
  0.898E+14  0.189E-14  0.208E-16  0.157E+19
  0.142E+15  0.250E-15  0.657E-17  0.157E+19
  0.225E+15  0.430E-17  0.208E-17  0.157E+19
  0.356E+15  0.736E-18  0.658E-18  0.157E+19
  0.563E+15  0.218E-18  0.209E-18  0.157E+19
  0.888E+15  0.679E-19  0.668E-19  0.157E+19
  0.140E+16  0.216E-19  0.214E-19  0.157E+19
  0.223E+16  0.672E-20  0.670E-20  0.157E+19
  0.350E+16  0.219E-20  0.219E-20  0.157E+19
  0.558E+16  0.677E-21  0.677E-21  0.157E+19
  0.876E+16  0.219E-21  0.219E-21  0.157E+19
  0.140E+17  0.681E-22  0.681E-22  0.157E+19
  0.223E+17  0.213E-22  0.213E-22  0.157E+19
  0.350E+17  0.686E-23  0.686E-23  0.157E+19
  0.558E+17  0.214E-23  0.214E-23  0.157E+19
  0.876E+17  0.692E-24  0.692E-24  0.157E+19
