 DENS, T, fainum_exp
  0.100E+11  0.250E+04  0.211E+14
 lAMBDA, n, np
  0.844E+04  0.300E+01  0.180E+02

  0.000E+00  0.596E-13  0.198E-12  0.753E+18
  0.167E+10  0.596E-13  0.198E-12  0.753E+18
  0.264E+10  0.596E-13  0.198E-12  0.753E+18
  0.419E+10  0.596E-13  0.197E-12  0.753E+18
  0.664E+10  0.596E-13  0.197E-12  0.753E+18
  0.105E+11  0.596E-13  0.197E-12  0.753E+18
  0.167E+11  0.596E-13  0.197E-12  0.753E+18
  0.264E+11  0.596E-13  0.197E-12  0.753E+18
  0.419E+11  0.596E-13  0.197E-12  0.753E+18
  0.664E+11  0.596E-13  0.197E-12  0.753E+18
  0.105E+12  0.596E-13  0.197E-12  0.753E+18
  0.167E+12  0.596E-13  0.196E-12  0.753E+18
  0.264E+12  0.596E-13  0.194E-12  0.753E+18
  0.419E+12  0.595E-13  0.190E-12  0.753E+18
  0.664E+12  0.593E-13  0.179E-12  0.753E+18
  0.105E+13  0.588E-13  0.156E-12  0.753E+18
  0.167E+13  0.576E-13  0.114E-12  0.753E+18
  0.264E+13  0.547E-13  0.630E-13  0.753E+18
  0.418E+13  0.481E-13  0.252E-13  0.753E+18
  0.662E+13  0.349E-13  0.820E-14  0.753E+18
  0.105E+14  0.161E-13  0.250E-14  0.753E+18
  0.165E+14  0.287E-14  0.751E-15  0.753E+18
  0.261E+14  0.318E-15  0.226E-15  0.753E+18
  0.409E+14  0.787E-16  0.713E-16  0.753E+18
  0.640E+14  0.238E-16  0.230E-16  0.753E+18
  0.994E+14  0.770E-17  0.758E-17  0.753E+18
  0.153E+15  0.259E-17  0.258E-17  0.753E+18
  0.230E+15  0.915E-18  0.912E-18  0.753E+18
  0.339E+15  0.343E-18  0.343E-18  0.753E+18
  0.378E+15  0.266E-18  0.266E-18  0.753E+18
  0.484E+15  0.141E-18  0.141E-18  0.753E+18
  0.566E+15  0.959E-19  0.958E-19  0.753E+18
  0.826E+15  0.370E-19  0.370E-19  0.753E+18
  0.934E+15  0.276E-19  0.276E-19  0.753E+18
  0.139E+16  0.101E-19  0.101E-19  0.753E+18
  0.200E+16  0.404E-20  0.404E-20  0.753E+18
  0.230E+16  0.289E-20  0.289E-20  0.753E+18
  0.339E+16  0.107E-20  0.107E-20  0.753E+18
  0.378E+16  0.826E-21  0.826E-21  0.753E+18
  0.484E+16  0.463E-21  0.463E-21  0.753E+18
  0.566E+16  0.314E-21  0.314E-21  0.753E+18
  0.826E+16  0.121E-21  0.121E-21  0.753E+18
  0.934E+16  0.893E-22  0.893E-22  0.753E+18
  0.116E+17  0.516E-22  0.516E-22  0.753E+18
  0.139E+17  0.331E-22  0.331E-22  0.753E+18
  0.200E+17  0.132E-22  0.132E-22  0.753E+18
  0.230E+17  0.935E-23  0.935E-23  0.753E+18
  0.278E+17  0.583E-23  0.583E-23  0.753E+18
  0.339E+17  0.355E-23  0.355E-23  0.753E+18
  0.378E+17  0.271E-23  0.271E-23  0.753E+18
  0.484E+17  0.146E-23  0.146E-23  0.753E+18
  0.566E+17  0.986E-24  0.986E-24  0.753E+18
  0.662E+17  0.668E-24  0.668E-24  0.753E+18
  0.826E+17  0.384E-24  0.384E-24  0.753E+18
  0.116E+18  0.163E-24  0.163E-24  0.753E+18
