 DENS, T, fainum_exp
  0.100E+11  0.250E+04  0.211E+14
 lAMBDA, n, np
  0.844E+04  0.300E+01  0.180E+02
 55
  0.000E+00  0.000E+00  0.645E-10  0.214E-09
  0.366E-04  0.154E+07  0.645E-10  0.214E-09
  0.580E-04  0.244E+07  0.645E-10  0.214E-09
  0.920E-04  0.387E+07  0.645E-10  0.214E-09
  0.146E-03  0.613E+07  0.645E-10  0.214E-09
  0.231E-03  0.972E+07  0.645E-10  0.214E-09
  0.366E-03  0.154E+08  0.645E-10  0.214E-09
  0.580E-03  0.244E+08  0.645E-10  0.214E-09
  0.920E-03  0.387E+08  0.645E-10  0.214E-09
  0.146E-02  0.613E+08  0.645E-10  0.214E-09
  0.231E-02  0.972E+08  0.645E-10  0.213E-09
  0.366E-02  0.154E+09  0.645E-10  0.213E-09
  0.580E-02  0.244E+09  0.645E-10  0.210E-09
  0.919E-02  0.387E+09  0.644E-10  0.205E-09
  0.146E-01  0.613E+09  0.642E-10  0.194E-09
  0.231E-01  0.971E+09  0.637E-10  0.169E-09
  0.366E-01  0.154E+10  0.624E-10  0.124E-09
  0.579E-01  0.244E+10  0.592E-10  0.682E-10
  0.917E-01  0.386E+10  0.521E-10  0.273E-10
  0.145E+00  0.611E+10  0.378E-10  0.888E-11
  0.230E+00  0.966E+10  0.174E-10  0.271E-11
  0.363E+00  0.153E+11  0.311E-11  0.813E-12
  0.572E+00  0.241E+11  0.344E-12  0.245E-12
  0.898E+00  0.378E+11  0.853E-13  0.772E-13
  0.140E+01  0.591E+11  0.258E-13  0.249E-13
  0.218E+01  0.918E+11  0.834E-14  0.821E-14
  0.335E+01  0.141E+12  0.281E-14  0.279E-14
  0.505E+01  0.213E+12  0.991E-15  0.988E-15
  0.744E+01  0.313E+12  0.372E-15  0.371E-15
  0.828E+01  0.349E+12  0.288E-15  0.288E-15
  0.106E+02  0.447E+12  0.153E-15  0.153E-15
  0.124E+02  0.523E+12  0.104E-15  0.104E-15
  0.181E+02  0.763E+12  0.400E-16  0.400E-16
  0.204E+02  0.862E+12  0.299E-16  0.299E-16
  0.304E+02  0.128E+13  0.110E-16  0.110E-16
  0.437E+02  0.185E+13  0.437E-17  0.437E-17
  0.502E+02  0.213E+13  0.313E-17  0.313E-17
  0.738E+02  0.313E+13  0.116E-17  0.116E-17
  0.821E+02  0.349E+13  0.895E-18  0.895E-18
  0.105E+03  0.447E+13  0.501E-18  0.501E-18
  0.122E+03  0.523E+13  0.340E-18  0.340E-18
  0.177E+03  0.763E+13  0.131E-18  0.131E-18
  0.200E+03  0.862E+13  0.967E-19  0.967E-19
  0.248E+03  0.107E+14  0.558E-19  0.558E-19
  0.294E+03  0.128E+14  0.359E-19  0.359E-19
  0.418E+03  0.185E+14  0.143E-19  0.143E-19
  0.477E+03  0.213E+14  0.101E-19  0.101E-19
  0.569E+03  0.257E+14  0.631E-20  0.631E-20
  0.684E+03  0.313E+14  0.384E-20  0.384E-20
  0.755E+03  0.349E+14  0.294E-20  0.294E-20
  0.943E+03  0.447E+14  0.158E-20  0.158E-20
  0.108E+04  0.523E+14  0.107E-20  0.107E-20
  0.124E+04  0.611E+14  0.723E-21  0.723E-21
  0.149E+04  0.763E+14  0.415E-21  0.415E-21
  0.196E+04  0.107E+15  0.177E-21  0.177E-21
