 DENS, T, fainum_exp
  0.100E+11  0.250E+04  0.639E+14
 lAMBDA, n, np
  0.832E+04  0.300E+01  0.260E+02

  0.000E+00  0.485E-13  0.874E-13  0.228E+19
  0.684E+10  0.485E-13  0.874E-13  0.228E+19
  0.108E+11  0.485E-13  0.874E-13  0.228E+19
  0.172E+11  0.485E-13  0.874E-13  0.228E+19
  0.272E+11  0.485E-13  0.874E-13  0.228E+19
  0.432E+11  0.485E-13  0.874E-13  0.228E+19
  0.684E+11  0.485E-13  0.874E-13  0.228E+19
  0.108E+12  0.485E-13  0.874E-13  0.228E+19
  0.172E+12  0.485E-13  0.874E-13  0.228E+19
  0.272E+12  0.485E-13  0.872E-13  0.228E+19
  0.432E+12  0.484E-13  0.868E-13  0.228E+19
  0.684E+12  0.483E-13  0.860E-13  0.228E+19
  0.108E+13  0.480E-13  0.838E-13  0.228E+19
  0.172E+13  0.473E-13  0.785E-13  0.228E+19
  0.272E+13  0.454E-13  0.665E-13  0.228E+19
  0.432E+13  0.411E-13  0.451E-13  0.228E+19
  0.684E+13  0.321E-13  0.215E-13  0.228E+19
  0.108E+14  0.177E-13  0.742E-14  0.228E+19
  0.172E+14  0.505E-14  0.223E-14  0.228E+19
  0.272E+14  0.901E-15  0.667E-15  0.228E+19
  0.431E+14  0.224E-15  0.204E-15  0.228E+19
  0.682E+14  0.645E-16  0.622E-16  0.228E+19
  0.108E+15  0.193E-16  0.191E-16  0.228E+19
  0.170E+15  0.608E-17  0.605E-17  0.228E+19
  0.268E+15  0.193E-17  0.193E-17  0.228E+19
  0.422E+15  0.622E-18  0.622E-18  0.228E+19
  0.659E+15  0.203E-18  0.203E-18  0.228E+19
  0.102E+16  0.673E-19  0.673E-19  0.228E+19
  0.157E+16  0.229E-19  0.229E-19  0.228E+19
  0.237E+16  0.815E-20  0.815E-20  0.228E+19
  0.349E+16  0.302E-20  0.302E-20  0.228E+19
  0.389E+16  0.233E-20  0.233E-20  0.228E+19
  0.497E+16  0.131E-20  0.131E-20  0.228E+19
  0.582E+16  0.886E-21  0.886E-21  0.228E+19
  0.848E+16  0.343E-21  0.343E-21  0.228E+19
  0.960E+16  0.252E-21  0.252E-21  0.228E+19
  0.143E+17  0.937E-22  0.937E-22  0.228E+19
  0.206E+17  0.375E-22  0.375E-22  0.228E+19
  0.237E+17  0.264E-22  0.264E-22  0.228E+19
  0.349E+17  0.100E-22  0.100E-22  0.228E+19
  0.389E+17  0.765E-23  0.765E-23  0.228E+19
  0.497E+17  0.414E-23  0.414E-23  0.228E+19
  0.582E+17  0.279E-23  0.279E-23  0.228E+19
  0.678E+17  0.190E-23  0.190E-23  0.228E+19
  0.848E+17  0.109E-23  0.109E-23  0.228E+19
  0.119E+18  0.463E-24  0.463E-24  0.228E+19
