 DENS, T, fainum_exp
  0.100E+11  0.250E+04  0.639E+14
 lAMBDA, n, np
  0.832E+04  0.300E+01  0.260E+02
 46
  0.000E+00  0.000E+00  0.525E-10  0.947E-10
  0.146E-03  0.632E+07  0.525E-10  0.947E-10
  0.231E-03  0.100E+08  0.525E-10  0.947E-10
  0.366E-03  0.159E+08  0.525E-10  0.947E-10
  0.580E-03  0.251E+08  0.525E-10  0.947E-10
  0.920E-03  0.399E+08  0.525E-10  0.946E-10
  0.146E-02  0.632E+08  0.525E-10  0.946E-10
  0.231E-02  0.100E+09  0.525E-10  0.946E-10
  0.366E-02  0.159E+09  0.525E-10  0.946E-10
  0.580E-02  0.251E+09  0.525E-10  0.944E-10
  0.920E-02  0.399E+09  0.525E-10  0.940E-10
  0.146E-01  0.632E+09  0.523E-10  0.931E-10
  0.231E-01  0.100E+10  0.520E-10  0.907E-10
  0.366E-01  0.159E+10  0.512E-10  0.850E-10
  0.580E-01  0.251E+10  0.492E-10  0.720E-10
  0.919E-01  0.399E+10  0.445E-10  0.489E-10
  0.146E+00  0.631E+10  0.347E-10  0.233E-10
  0.231E+00  0.100E+11  0.192E-10  0.804E-11
  0.366E+00  0.159E+11  0.546E-11  0.241E-11
  0.579E+00  0.251E+11  0.975E-12  0.722E-12
  0.917E+00  0.398E+11  0.242E-12  0.221E-12
  0.145E+01  0.629E+11  0.698E-13  0.674E-13
  0.230E+01  0.995E+11  0.209E-13  0.207E-13
  0.363E+01  0.157E+12  0.658E-14  0.655E-14
  0.571E+01  0.248E+12  0.209E-14  0.209E-14
  0.897E+01  0.389E+12  0.674E-15  0.673E-15
  0.140E+02  0.609E+12  0.220E-15  0.219E-15
  0.217E+02  0.945E+12  0.729E-16  0.729E-16
  0.333E+02  0.145E+13  0.248E-16  0.248E-16
  0.501E+02  0.219E+13  0.882E-17  0.882E-17
  0.736E+02  0.322E+13  0.327E-17  0.327E-17
  0.820E+02  0.359E+13  0.252E-17  0.252E-17
  0.104E+03  0.458E+13  0.142E-17  0.142E-17
  0.122E+03  0.537E+13  0.959E-18  0.959E-18
  0.177E+03  0.783E+13  0.372E-18  0.372E-18
  0.200E+03  0.887E+13  0.273E-18  0.273E-18
  0.293E+03  0.132E+14  0.101E-18  0.101E-18
  0.416E+03  0.190E+14  0.406E-19  0.406E-19
  0.476E+03  0.219E+14  0.286E-19  0.286E-19
  0.682E+03  0.322E+14  0.109E-19  0.109E-19
  0.753E+03  0.359E+14  0.828E-20  0.828E-20
  0.938E+03  0.458E+14  0.449E-20  0.449E-20
  0.108E+04  0.537E+14  0.302E-20  0.302E-20
  0.123E+04  0.626E+14  0.206E-20  0.206E-20
  0.148E+04  0.783E+14  0.118E-20  0.118E-20
  0.195E+04  0.110E+15  0.502E-21  0.502E-21
