 DENS, T, fainum_exp
  0.100E+11  0.250E+04  0.336E+14
 lAMBDA, n, np
  0.838E+04  0.300E+01  0.210E+02
 50
  0.000E+00  0.000E+00  0.607E-10  0.158E-09
  0.580E-04  0.248E+07  0.607E-10  0.158E-09
  0.920E-04  0.393E+07  0.607E-10  0.158E-09
  0.146E-03  0.623E+07  0.607E-10  0.158E-09
  0.231E-03  0.987E+07  0.607E-10  0.158E-09
  0.366E-03  0.156E+08  0.607E-10  0.158E-09
  0.580E-03  0.248E+08  0.607E-10  0.158E-09
  0.920E-03  0.393E+08  0.607E-10  0.158E-09
  0.146E-02  0.623E+08  0.607E-10  0.157E-09
  0.231E-02  0.987E+08  0.607E-10  0.157E-09
  0.366E-02  0.156E+09  0.607E-10  0.157E-09
  0.580E-02  0.248E+09  0.607E-10  0.156E-09
  0.920E-02  0.393E+09  0.606E-10  0.155E-09
  0.146E-01  0.623E+09  0.604E-10  0.150E-09
  0.231E-01  0.987E+09  0.599E-10  0.139E-09
  0.366E-01  0.156E+10  0.588E-10  0.116E-09
  0.580E-01  0.248E+10  0.560E-10  0.770E-10
  0.919E-01  0.392E+10  0.496E-10  0.365E-10
  0.145E+00  0.622E+10  0.366E-10  0.127E-10
  0.230E+00  0.984E+10  0.177E-10  0.389E-11
  0.364E+00  0.156E+11  0.365E-11  0.119E-11
  0.576E+00  0.246E+11  0.503E-12  0.372E-12
  0.910E+00  0.389E+11  0.129E-12  0.117E-12
  0.143E+01  0.612E+11  0.383E-13  0.369E-13
  0.225E+01  0.960E+11  0.119E-13  0.118E-13
  0.351E+01  0.150E+12  0.387E-14  0.384E-14
  0.542E+01  0.232E+12  0.129E-14  0.128E-14
  0.828E+01  0.354E+12  0.443E-15  0.442E-15
  0.124E+02  0.530E+12  0.160E-15  0.159E-15
  0.181E+02  0.773E+12  0.616E-16  0.616E-16
  0.204E+02  0.875E+12  0.459E-16  0.459E-16
  0.303E+02  0.130E+13  0.169E-16  0.169E-16
  0.437E+02  0.188E+13  0.673E-17  0.673E-17
  0.502E+02  0.216E+13  0.480E-17  0.480E-17
  0.737E+02  0.318E+13  0.178E-17  0.178E-17
  0.820E+02  0.354E+13  0.137E-17  0.137E-17
  0.105E+03  0.453E+13  0.772E-18  0.772E-18
  0.122E+03  0.530E+13  0.522E-18  0.522E-18
  0.177E+03  0.773E+13  0.202E-18  0.202E-18
  0.200E+03  0.875E+13  0.149E-18  0.149E-18
  0.247E+03  0.109E+14  0.861E-19  0.861E-19
  0.294E+03  0.130E+14  0.551E-19  0.551E-19
  0.417E+03  0.188E+14  0.221E-19  0.221E-19
  0.476E+03  0.216E+14  0.156E-19  0.156E-19
  0.683E+03  0.318E+14  0.591E-20  0.591E-20
  0.754E+03  0.354E+14  0.451E-20  0.451E-20
  0.941E+03  0.453E+14  0.244E-20  0.244E-20
  0.108E+04  0.530E+14  0.164E-20  0.164E-20
  0.124E+04  0.619E+14  0.112E-20  0.112E-20
  0.149E+04  0.773E+14  0.639E-21  0.639E-21
