 DENS, T, fainum_exp
  0.100E+11  0.250E+04  0.336E+14
 lAMBDA, n, np
  0.838E+04  0.300E+01  0.210E+02

  0.000E+00  0.561E-13  0.146E-12  0.120E+19
  0.268E+10  0.561E-13  0.146E-12  0.120E+19
  0.425E+10  0.561E-13  0.146E-12  0.120E+19
  0.674E+10  0.561E-13  0.146E-12  0.120E+19
  0.107E+11  0.561E-13  0.146E-12  0.120E+19
  0.169E+11  0.561E-13  0.146E-12  0.120E+19
  0.268E+11  0.561E-13  0.146E-12  0.120E+19
  0.425E+11  0.561E-13  0.145E-12  0.120E+19
  0.674E+11  0.561E-13  0.145E-12  0.120E+19
  0.107E+12  0.560E-13  0.145E-12  0.120E+19
  0.169E+12  0.560E-13  0.145E-12  0.120E+19
  0.268E+12  0.560E-13  0.144E-12  0.120E+19
  0.425E+12  0.560E-13  0.143E-12  0.120E+19
  0.674E+12  0.558E-13  0.138E-12  0.120E+19
  0.107E+13  0.553E-13  0.128E-12  0.120E+19
  0.169E+13  0.543E-13  0.107E-12  0.120E+19
  0.268E+13  0.517E-13  0.711E-13  0.120E+19
  0.425E+13  0.458E-13  0.337E-13  0.120E+19
  0.673E+13  0.338E-13  0.117E-13  0.120E+19
  0.107E+14  0.163E-13  0.360E-14  0.120E+19
  0.169E+14  0.337E-14  0.110E-14  0.120E+19
  0.267E+14  0.465E-15  0.344E-15  0.120E+19
  0.421E+14  0.119E-15  0.108E-15  0.120E+19
  0.663E+14  0.354E-16  0.341E-16  0.120E+19
  0.104E+15  0.110E-16  0.109E-16  0.120E+19
  0.162E+15  0.357E-17  0.355E-17  0.120E+19
  0.251E+15  0.119E-17  0.119E-17  0.120E+19
  0.383E+15  0.409E-18  0.408E-18  0.120E+19
  0.574E+15  0.147E-18  0.147E-18  0.120E+19
  0.837E+15  0.569E-19  0.569E-19  0.120E+19
  0.947E+15  0.424E-19  0.424E-19  0.120E+19
  0.141E+16  0.156E-19  0.156E-19  0.120E+19
  0.203E+16  0.621E-20  0.621E-20  0.120E+19
  0.234E+16  0.443E-20  0.443E-20  0.120E+19
  0.344E+16  0.164E-20  0.164E-20  0.120E+19
  0.383E+16  0.127E-20  0.127E-20  0.120E+19
  0.490E+16  0.713E-21  0.713E-21  0.120E+19
  0.574E+16  0.482E-21  0.482E-21  0.120E+19
  0.837E+16  0.187E-21  0.187E-21  0.120E+19
  0.947E+16  0.137E-21  0.137E-21  0.120E+19
  0.118E+17  0.795E-22  0.795E-22  0.120E+19
  0.141E+17  0.509E-22  0.509E-22  0.120E+19
  0.203E+17  0.204E-22  0.204E-22  0.120E+19
  0.234E+17  0.144E-22  0.144E-22  0.120E+19
  0.344E+17  0.546E-23  0.546E-23  0.120E+19
  0.383E+17  0.416E-23  0.416E-23  0.120E+19
  0.490E+17  0.225E-23  0.225E-23  0.120E+19
  0.574E+17  0.152E-23  0.152E-23  0.120E+19
  0.670E+17  0.103E-23  0.103E-23  0.120E+19
  0.837E+17  0.590E-24  0.590E-24  0.120E+19
