 DENS, T, fainum_exp
  0.100E+11  0.250E+04  0.762E+11
 lAMBDA, n, np
  0.103E+04  0.100E+01  0.300E+01
 70
  0.000E+00  0.000E+00  0.901E-11  0.449E-07
  0.366E-07  0.104E+06  0.901E-11  0.448E-07
  0.580E-07  0.165E+06  0.901E-11  0.448E-07
  0.920E-07  0.262E+06  0.901E-11  0.447E-07
  0.146E-06  0.415E+06  0.901E-11  0.446E-07
  0.231E-06  0.658E+06  0.901E-11  0.444E-07
  0.366E-06  0.104E+07  0.901E-11  0.439E-07
  0.580E-06  0.165E+07  0.901E-11  0.426E-07
  0.918E-06  0.262E+07  0.901E-11  0.397E-07
  0.145E-05  0.414E+07  0.901E-11  0.337E-07
  0.230E-05  0.655E+07  0.901E-11  0.246E-07
  0.363E-05  0.104E+08  0.901E-11  0.147E-07
  0.573E-05  0.163E+08  0.901E-11  0.732E-08
  0.902E-05  0.257E+08  0.901E-11  0.325E-08
  0.141E-04  0.403E+08  0.901E-11  0.136E-08
  0.220E-04  0.628E+08  0.901E-11  0.553E-09
  0.340E-04  0.969E+08  0.901E-11  0.223E-09
  0.517E-04  0.147E+09  0.901E-11  0.907E-10
  0.771E-04  0.220E+09  0.901E-11  0.377E-10
  0.112E-03  0.318E+09  0.901E-11  0.165E-10
  0.128E-03  0.364E+09  0.901E-11  0.123E-10
  0.188E-03  0.537E+09  0.900E-11  0.506E-11
  0.261E-03  0.745E+09  0.900E-11  0.239E-11
  0.314E-03  0.893E+09  0.900E-11  0.158E-11
  0.649E-03  0.185E+10  0.900E-11  0.285E-12
  0.771E-03  0.220E+10  0.899E-11  0.190E-12
  0.112E-02  0.318E+10  0.898E-11  0.761E-13
  0.128E-02  0.364E+10  0.897E-11  0.553E-13
  0.188E-02  0.537E+10  0.893E-11  0.211E-13
  0.270E-02  0.769E+10  0.886E-11  0.882E-14
  0.314E-02  0.895E+10  0.882E-11  0.614E-14
  0.459E-02  0.131E+11  0.861E-11  0.242E-14
  0.649E-02  0.185E+11  0.824E-11  0.105E-14
  0.771E-02  0.220E+11  0.795E-11  0.698E-15
  0.112E-01  0.318E+11  0.693E-11  0.285E-15
  0.128E-01  0.364E+11  0.641E-11  0.208E-15
  0.188E-01  0.537E+11  0.421E-11  0.809E-16
  0.270E-01  0.769E+11  0.163E-11  0.342E-16
  0.314E-01  0.895E+11  0.966E-12  0.239E-16
  0.459E-01  0.131E+12  0.269E-13  0.954E-17
  0.649E-01  0.185E+12  0.135E-16  0.418E-17
  0.771E-01  0.220E+12  0.461E-17  0.277E-17
  0.112E+00  0.318E+12  0.128E-17  0.113E-17
  0.128E+00  0.364E+12  0.898E-18  0.831E-18
  0.188E+00  0.537E+12  0.331E-18  0.322E-18
  0.270E+00  0.769E+12  0.137E-18  0.135E-18
  0.314E+00  0.895E+12  0.948E-19  0.939E-19
  0.459E+00  0.131E+13  0.370E-19  0.369E-19
  0.649E+00  0.185E+13  0.167E-19  0.167E-19
  0.770E+00  0.220E+13  0.111E-19  0.111E-19
  0.111E+01  0.318E+13  0.423E-20  0.423E-20
  0.127E+01  0.364E+13  0.302E-20  0.302E-20
  0.188E+01  0.537E+13  0.114E-20  0.114E-20
  0.269E+01  0.769E+13  0.465E-21  0.465E-21
  0.313E+01  0.895E+13  0.318E-21  0.318E-21
  0.457E+01  0.131E+14  0.123E-21  0.123E-21
  0.645E+01  0.185E+14  0.518E-22  0.518E-22
  0.765E+01  0.220E+14  0.337E-22  0.337E-22
  0.110E+02  0.318E+14  0.134E-22  0.134E-22
  0.126E+02  0.364E+14  0.956E-23  0.956E-23
  0.185E+02  0.537E+14  0.361E-23  0.361E-23
  0.263E+02  0.769E+14  0.147E-23  0.147E-23
  0.305E+02  0.895E+14  0.101E-23  0.101E-23
  0.440E+02  0.131E+15  0.389E-24  0.389E-24
  0.611E+02  0.185E+15  0.164E-24  0.164E-24
  0.717E+02  0.220E+15  0.107E-24  0.107E-24
  0.809E+02  0.250E+15  0.770E-25  0.770E-25
  0.101E+03  0.318E+15  0.423E-25  0.423E-25
  0.135E+03  0.443E+15  0.185E-25  0.185E-25
  0.172E+03  0.590E+15  0.903E-26  0.903E-26
