 DENS, T, fainum_exp
  0.100E+11  0.250E+04  0.762E+11
 lAMBDA, n, np
  0.103E+04  0.100E+01  0.300E+01

  0.000E+00  0.832E-14  0.414E-10  0.272E+16
  0.113E+09  0.832E-14  0.414E-10  0.272E+16
  0.179E+09  0.832E-14  0.414E-10  0.272E+16
  0.284E+09  0.832E-14  0.413E-10  0.272E+16
  0.450E+09  0.832E-14  0.412E-10  0.272E+16
  0.713E+09  0.832E-14  0.410E-10  0.272E+16
  0.113E+10  0.832E-14  0.405E-10  0.272E+16
  0.179E+10  0.832E-14  0.393E-10  0.272E+16
  0.283E+10  0.832E-14  0.367E-10  0.272E+16
  0.448E+10  0.832E-14  0.311E-10  0.272E+16
  0.709E+10  0.832E-14  0.227E-10  0.272E+16
  0.112E+11  0.832E-14  0.135E-10  0.272E+16
  0.177E+11  0.832E-14  0.676E-11  0.272E+16
  0.278E+11  0.832E-14  0.300E-11  0.272E+16
  0.436E+11  0.832E-14  0.126E-11  0.272E+16
  0.680E+11  0.832E-14  0.511E-12  0.272E+16
  0.105E+12  0.832E-14  0.206E-12  0.272E+16
  0.160E+12  0.832E-14  0.837E-13  0.272E+16
  0.238E+12  0.832E-14  0.348E-13  0.272E+16
  0.344E+12  0.832E-14  0.152E-13  0.272E+16
  0.394E+12  0.832E-14  0.114E-13  0.272E+16
  0.582E+12  0.831E-14  0.467E-14  0.272E+16
  0.807E+12  0.831E-14  0.221E-14  0.272E+16
  0.967E+12  0.831E-14  0.146E-14  0.272E+16
  0.200E+13  0.831E-14  0.263E-15  0.272E+16
  0.238E+13  0.830E-14  0.176E-15  0.272E+16
  0.344E+13  0.829E-14  0.703E-16  0.272E+16
  0.394E+13  0.828E-14  0.510E-16  0.272E+16
  0.582E+13  0.825E-14  0.195E-16  0.272E+16
  0.832E+13  0.819E-14  0.814E-17  0.272E+16
  0.969E+13  0.814E-14  0.567E-17  0.272E+16
  0.142E+14  0.795E-14  0.224E-17  0.272E+16
  0.200E+14  0.761E-14  0.974E-18  0.272E+16
  0.238E+14  0.734E-14  0.645E-18  0.272E+16
  0.344E+14  0.640E-14  0.263E-18  0.272E+16
  0.394E+14  0.592E-14  0.192E-18  0.272E+16
  0.582E+14  0.389E-14  0.747E-19  0.272E+16
  0.832E+14  0.150E-14  0.316E-19  0.272E+16
  0.969E+14  0.892E-15  0.221E-19  0.272E+16
  0.142E+15  0.248E-16  0.881E-20  0.272E+16
  0.200E+15  0.125E-19  0.386E-20  0.272E+16
  0.238E+15  0.426E-20  0.256E-20  0.272E+16
  0.344E+15  0.118E-20  0.105E-20  0.272E+16
  0.394E+15  0.829E-21  0.767E-21  0.272E+16
  0.582E+15  0.305E-21  0.297E-21  0.272E+16
  0.832E+15  0.126E-21  0.124E-21  0.272E+16
  0.969E+15  0.876E-22  0.867E-22  0.272E+16
  0.142E+16  0.342E-22  0.341E-22  0.272E+16
  0.200E+16  0.154E-22  0.154E-22  0.272E+16
  0.238E+16  0.102E-22  0.102E-22  0.272E+16
  0.344E+16  0.391E-23  0.391E-23  0.272E+16
  0.394E+16  0.279E-23  0.279E-23  0.272E+16
  0.582E+16  0.105E-23  0.105E-23  0.272E+16
  0.832E+16  0.430E-24  0.430E-24  0.272E+16
  0.969E+16  0.294E-24  0.294E-24  0.272E+16
  0.142E+17  0.114E-24  0.114E-24  0.272E+16
  0.200E+17  0.478E-25  0.478E-25  0.272E+16
  0.238E+17  0.312E-25  0.312E-25  0.272E+16
  0.344E+17  0.124E-25  0.124E-25  0.272E+16
  0.394E+17  0.883E-26  0.883E-26  0.272E+16
  0.582E+17  0.333E-26  0.333E-26  0.272E+16
  0.832E+17  0.136E-26  0.136E-26  0.272E+16
  0.969E+17  0.929E-27  0.929E-27  0.272E+16
  0.142E+18  0.359E-27  0.359E-27  0.272E+16
  0.200E+18  0.151E-27  0.151E-27  0.272E+16
  0.238E+18  0.985E-28  0.985E-28  0.272E+16
  0.271E+18  0.711E-28  0.711E-28  0.272E+16
  0.344E+18  0.391E-28  0.391E-28  0.272E+16
  0.480E+18  0.170E-28  0.170E-28  0.272E+16
  0.638E+18  0.834E-29  0.834E-29  0.272E+16
