 DENS, T, fainum_exp
  0.100E+11  0.250E+04  0.477E+13
 lAMBDA, n, np
  0.377E+04  0.200E+01  0.110E+02
 56
  0.000E+00  0.000E+00  0.325E-10  0.735E-09
  0.920E-05  0.194E+07  0.325E-10  0.735E-09
  0.146E-04  0.307E+07  0.325E-10  0.735E-09
  0.231E-04  0.487E+07  0.325E-10  0.735E-09
  0.366E-04  0.771E+07  0.325E-10  0.735E-09
  0.580E-04  0.122E+08  0.325E-10  0.734E-09
  0.920E-04  0.194E+08  0.325E-10  0.734E-09
  0.146E-03  0.307E+08  0.325E-10  0.733E-09
  0.231E-03  0.487E+08  0.325E-10  0.730E-09
  0.366E-03  0.771E+08  0.325E-10  0.722E-09
  0.580E-03  0.122E+09  0.325E-10  0.702E-09
  0.919E-03  0.194E+09  0.325E-10  0.657E-09
  0.146E-02  0.307E+09  0.325E-10  0.563E-09
  0.231E-02  0.486E+09  0.325E-10  0.398E-09
  0.365E-02  0.770E+09  0.325E-10  0.205E-09
  0.578E-02  0.122E+10  0.324E-10  0.771E-10
  0.915E-02  0.193E+10  0.321E-10  0.248E-10
  0.145E-01  0.305E+10  0.315E-10  0.775E-11
  0.228E-01  0.480E+10  0.301E-10  0.239E-11
  0.359E-01  0.756E+10  0.268E-10  0.785E-12
  0.562E-01  0.118E+11  0.202E-10  0.265E-12
  0.874E-01  0.184E+11  0.102E-10  0.909E-13
  0.135E+00  0.284E+11  0.183E-11  0.319E-13
  0.204E+00  0.430E+11  0.375E-13  0.116E-13
  0.303E+00  0.638E+11  0.571E-14  0.439E-14
  0.436E+00  0.918E+11  0.193E-14  0.179E-14
  0.503E+00  0.106E+12  0.135E-14  0.128E-14
  0.739E+00  0.156E+12  0.494E-15  0.482E-15
  0.124E+01  0.260E+12  0.135E-15  0.134E-15
  0.180E+01  0.379E+12  0.522E-16  0.520E-16
  0.302E+01  0.638E+12  0.142E-16  0.142E-16
  0.435E+01  0.918E+12  0.569E-17  0.568E-17
  0.502E+01  0.106E+13  0.402E-17  0.402E-17
  0.738E+01  0.156E+13  0.152E-17  0.152E-17
  0.824E+01  0.174E+13  0.117E-17  0.117E-17
  0.105E+02  0.221E+13  0.630E-18  0.630E-18
  0.123E+02  0.260E+13  0.423E-18  0.423E-18
  0.179E+02  0.379E+13  0.164E-18  0.164E-18
  0.203E+02  0.430E+13  0.121E-18  0.121E-18
  0.300E+02  0.638E+13  0.448E-19  0.448E-19
  0.431E+02  0.918E+13  0.179E-19  0.179E-19
  0.496E+02  0.106E+14  0.127E-19  0.127E-19
  0.725E+02  0.156E+14  0.512E-20  0.512E-20
  0.808E+02  0.174E+14  0.384E-20  0.384E-20
  0.102E+03  0.221E+14  0.207E-20  0.207E-20
  0.120E+03  0.260E+14  0.138E-20  0.138E-20
  0.172E+03  0.379E+14  0.540E-21  0.540E-21
  0.194E+03  0.430E+14  0.394E-21  0.394E-21
  0.236E+03  0.532E+14  0.231E-21  0.231E-21
  0.280E+03  0.638E+14  0.147E-21  0.147E-21
  0.391E+03  0.918E+14  0.591E-22  0.591E-22
  0.444E+03  0.106E+15  0.413E-22  0.413E-22
  0.520E+03  0.127E+15  0.262E-22  0.262E-22
  0.618E+03  0.156E+15  0.158E-22  0.158E-22
  0.822E+03  0.221E+15  0.654E-23  0.654E-23
  0.104E+04  0.302E+15  0.302E-23  0.302E-23
