 DENS, T, fainum_exp
  0.100E+11  0.250E+04  0.477E+13
 lAMBDA, n, np
  0.377E+04  0.200E+01  0.110E+02

  0.000E+00  0.300E-13  0.678E-12  0.170E+18
  0.210E+10  0.300E-13  0.678E-12  0.170E+18
  0.333E+10  0.300E-13  0.678E-12  0.170E+18
  0.527E+10  0.300E-13  0.678E-12  0.170E+18
  0.835E+10  0.300E-13  0.678E-12  0.170E+18
  0.132E+11  0.300E-13  0.678E-12  0.170E+18
  0.210E+11  0.300E-13  0.678E-12  0.170E+18
  0.333E+11  0.300E-13  0.677E-12  0.170E+18
  0.527E+11  0.300E-13  0.674E-12  0.170E+18
  0.835E+11  0.300E-13  0.666E-12  0.170E+18
  0.132E+12  0.300E-13  0.648E-12  0.170E+18
  0.210E+12  0.300E-13  0.607E-12  0.170E+18
  0.332E+12  0.300E-13  0.519E-12  0.170E+18
  0.526E+12  0.300E-13  0.367E-12  0.170E+18
  0.834E+12  0.300E-13  0.189E-12  0.170E+18
  0.132E+13  0.299E-13  0.712E-13  0.170E+18
  0.209E+13  0.297E-13  0.229E-13  0.170E+18
  0.330E+13  0.291E-13  0.716E-14  0.170E+18
  0.520E+13  0.278E-13  0.221E-14  0.170E+18
  0.818E+13  0.247E-13  0.724E-15  0.170E+18
  0.128E+14  0.187E-13  0.244E-15  0.170E+18
  0.199E+14  0.939E-14  0.839E-16  0.170E+18
  0.307E+14  0.169E-14  0.295E-16  0.170E+18
  0.466E+14  0.346E-16  0.107E-16  0.170E+18
  0.691E+14  0.527E-17  0.405E-17  0.170E+18
  0.994E+14  0.178E-17  0.166E-17  0.170E+18
  0.115E+15  0.124E-17  0.118E-17  0.170E+18
  0.169E+15  0.456E-18  0.445E-18  0.170E+18
  0.282E+15  0.125E-18  0.124E-18  0.170E+18
  0.410E+15  0.482E-19  0.480E-19  0.170E+18
  0.691E+15  0.131E-19  0.131E-19  0.170E+18
  0.994E+15  0.525E-20  0.525E-20  0.170E+18
  0.115E+16  0.371E-20  0.371E-20  0.170E+18
  0.169E+16  0.140E-20  0.140E-20  0.170E+18
  0.189E+16  0.108E-20  0.108E-20  0.170E+18
  0.240E+16  0.582E-21  0.582E-21  0.170E+18
  0.282E+16  0.391E-21  0.391E-21  0.170E+18
  0.410E+16  0.152E-21  0.152E-21  0.170E+18
  0.466E+16  0.112E-21  0.112E-21  0.170E+18
  0.691E+16  0.414E-22  0.414E-22  0.170E+18
  0.994E+16  0.165E-22  0.165E-22  0.170E+18
  0.115E+17  0.117E-22  0.117E-22  0.170E+18
  0.169E+17  0.473E-23  0.473E-23  0.170E+18
  0.189E+17  0.355E-23  0.355E-23  0.170E+18
  0.240E+17  0.191E-23  0.191E-23  0.170E+18
  0.282E+17  0.127E-23  0.127E-23  0.170E+18
  0.410E+17  0.498E-24  0.498E-24  0.170E+18
  0.466E+17  0.363E-24  0.363E-24  0.170E+18
  0.576E+17  0.214E-24  0.214E-24  0.170E+18
  0.691E+17  0.136E-24  0.136E-24  0.170E+18
  0.994E+17  0.545E-25  0.545E-25  0.170E+18
  0.115E+18  0.381E-25  0.381E-25  0.170E+18
  0.138E+18  0.242E-25  0.242E-25  0.170E+18
  0.169E+18  0.145E-25  0.145E-25  0.170E+18
  0.240E+18  0.604E-26  0.604E-26  0.170E+18
  0.327E+18  0.279E-26  0.279E-26  0.170E+18
