 DENS, T, fainum_exp
  0.100E+11  0.250E+04  0.716E+14
 lAMBDA, n, np
  0.831E+04  0.300E+01  0.270E+02
 47
  0.000E+00  0.000E+00  0.508E-10  0.865E-10
  0.146E-03  0.633E+07  0.508E-10  0.865E-10
  0.231E-03  0.100E+08  0.508E-10  0.865E-10
  0.366E-03  0.159E+08  0.508E-10  0.865E-10
  0.580E-03  0.252E+08  0.508E-10  0.865E-10
  0.920E-03  0.399E+08  0.508E-10  0.865E-10
  0.146E-02  0.633E+08  0.508E-10  0.865E-10
  0.231E-02  0.100E+09  0.508E-10  0.865E-10
  0.366E-02  0.159E+09  0.508E-10  0.865E-10
  0.580E-02  0.252E+09  0.508E-10  0.864E-10
  0.920E-02  0.399E+09  0.508E-10  0.861E-10
  0.146E-01  0.633E+09  0.506E-10  0.854E-10
  0.231E-01  0.100E+10  0.503E-10  0.836E-10
  0.366E-01  0.159E+10  0.496E-10  0.792E-10
  0.580E-01  0.252E+10  0.477E-10  0.690E-10
  0.919E-01  0.399E+10  0.433E-10  0.495E-10
  0.146E+00  0.633E+10  0.343E-10  0.253E-10
  0.231E+00  0.100E+11  0.195E-10  0.910E-11
  0.366E+00  0.159E+11  0.591E-11  0.275E-11
  0.579E+00  0.252E+11  0.110E-11  0.818E-12
  0.917E+00  0.398E+11  0.273E-12  0.248E-12
  0.145E+01  0.631E+11  0.783E-13  0.756E-13
  0.230E+01  0.997E+11  0.235E-13  0.231E-13
  0.363E+01  0.157E+12  0.734E-14  0.730E-14
  0.571E+01  0.248E+12  0.234E-14  0.233E-14
  0.897E+01  0.390E+12  0.751E-15  0.751E-15
  0.140E+02  0.610E+12  0.245E-15  0.245E-15
  0.217E+02  0.946E+12  0.812E-16  0.812E-16
  0.333E+02  0.145E+13  0.277E-16  0.277E-16
  0.501E+02  0.219E+13  0.984E-17  0.984E-17
  0.736E+02  0.322E+13  0.365E-17  0.365E-17
  0.820E+02  0.360E+13  0.281E-17  0.281E-17
  0.104E+03  0.459E+13  0.159E-17  0.159E-17
  0.122E+03  0.538E+13  0.107E-17  0.107E-17
  0.177E+03  0.785E+13  0.415E-18  0.415E-18
  0.200E+03  0.888E+13  0.304E-18  0.304E-18
  0.247E+03  0.110E+14  0.177E-18  0.177E-18
  0.293E+03  0.132E+14  0.113E-18  0.113E-18
  0.416E+03  0.190E+14  0.453E-19  0.453E-19
  0.475E+03  0.219E+14  0.319E-19  0.319E-19
  0.682E+03  0.322E+14  0.121E-19  0.121E-19
  0.753E+03  0.360E+14  0.923E-20  0.923E-20
  0.938E+03  0.459E+14  0.501E-20  0.501E-20
  0.108E+04  0.538E+14  0.336E-20  0.336E-20
  0.123E+04  0.627E+14  0.230E-20  0.230E-20
  0.148E+04  0.785E+14  0.131E-20  0.131E-20
  0.195E+04  0.110E+15  0.560E-21  0.560E-21
