 DENS, T, fainum_exp
  0.100E+11  0.250E+04  0.716E+14
 lAMBDA, n, np
  0.831E+04  0.300E+01  0.270E+02

  0.000E+00  0.470E-13  0.799E-13  0.255E+19
  0.685E+10  0.470E-13  0.799E-13  0.255E+19
  0.109E+11  0.470E-13  0.799E-13  0.255E+19
  0.172E+11  0.470E-13  0.799E-13  0.255E+19
  0.273E+11  0.470E-13  0.799E-13  0.255E+19
  0.432E+11  0.470E-13  0.799E-13  0.255E+19
  0.685E+11  0.470E-13  0.799E-13  0.255E+19
  0.109E+12  0.470E-13  0.799E-13  0.255E+19
  0.172E+12  0.470E-13  0.799E-13  0.255E+19
  0.273E+12  0.469E-13  0.798E-13  0.255E+19
  0.432E+12  0.469E-13  0.795E-13  0.255E+19
  0.685E+12  0.468E-13  0.788E-13  0.255E+19
  0.109E+13  0.465E-13  0.772E-13  0.255E+19
  0.172E+13  0.458E-13  0.731E-13  0.255E+19
  0.273E+13  0.441E-13  0.637E-13  0.255E+19
  0.432E+13  0.400E-13  0.457E-13  0.255E+19
  0.685E+13  0.316E-13  0.233E-13  0.255E+19
  0.109E+14  0.180E-13  0.840E-14  0.255E+19
  0.172E+14  0.545E-14  0.254E-14  0.255E+19
  0.272E+14  0.102E-14  0.755E-15  0.255E+19
  0.431E+14  0.252E-15  0.229E-15  0.255E+19
  0.683E+14  0.723E-16  0.698E-16  0.255E+19
  0.108E+15  0.217E-16  0.214E-16  0.255E+19
  0.171E+15  0.678E-17  0.674E-17  0.255E+19
  0.269E+15  0.216E-17  0.215E-17  0.255E+19
  0.422E+15  0.694E-18  0.693E-18  0.255E+19
  0.660E+15  0.226E-18  0.226E-18  0.255E+19
  0.102E+16  0.750E-19  0.750E-19  0.255E+19
  0.157E+16  0.256E-19  0.256E-19  0.255E+19
  0.237E+16  0.909E-20  0.909E-20  0.255E+19
  0.349E+16  0.337E-20  0.337E-20  0.255E+19
  0.389E+16  0.260E-20  0.260E-20  0.255E+19
  0.497E+16  0.146E-20  0.146E-20  0.255E+19
  0.583E+16  0.988E-21  0.988E-21  0.255E+19
  0.850E+16  0.383E-21  0.383E-21  0.255E+19
  0.962E+16  0.281E-21  0.281E-21  0.255E+19
  0.119E+17  0.163E-21  0.163E-21  0.255E+19
  0.143E+17  0.104E-21  0.104E-21  0.255E+19
  0.206E+17  0.419E-22  0.419E-22  0.255E+19
  0.237E+17  0.294E-22  0.294E-22  0.255E+19
  0.349E+17  0.112E-22  0.112E-22  0.255E+19
  0.389E+17  0.852E-23  0.852E-23  0.255E+19
  0.497E+17  0.462E-23  0.462E-23  0.255E+19
  0.583E+17  0.311E-23  0.311E-23  0.255E+19
  0.679E+17  0.212E-23  0.212E-23  0.255E+19
  0.850E+17  0.121E-23  0.121E-23  0.255E+19
  0.119E+18  0.517E-24  0.517E-24  0.255E+19
