 DENS, T, fainum_exp
  0.100E+11  0.250E+04  0.333E+12
 lAMBDA, n, np
  0.434E+04  0.200E+01  0.500E+01

  0.000E+00  0.352E-13  0.747E-11  0.119E+17
  0.999E+07  0.352E-13  0.747E-11  0.119E+17
  0.158E+08  0.352E-13  0.747E-11  0.119E+17
  0.251E+08  0.352E-13  0.747E-11  0.119E+17
  0.398E+08  0.352E-13  0.747E-11  0.119E+17
  0.631E+08  0.352E-13  0.747E-11  0.119E+17
  0.999E+08  0.352E-13  0.747E-11  0.119E+17
  0.158E+09  0.352E-13  0.747E-11  0.119E+17
  0.251E+09  0.352E-13  0.747E-11  0.119E+17
  0.398E+09  0.352E-13  0.747E-11  0.119E+17
  0.631E+09  0.352E-13  0.747E-11  0.119E+17
  0.999E+09  0.352E-13  0.747E-11  0.119E+17
  0.158E+10  0.352E-13  0.746E-11  0.119E+17
  0.251E+10  0.352E-13  0.745E-11  0.119E+17
  0.397E+10  0.352E-13  0.741E-11  0.119E+17
  0.629E+10  0.352E-13  0.733E-11  0.119E+17
  0.996E+10  0.352E-13  0.714E-11  0.119E+17
  0.158E+11  0.352E-13  0.670E-11  0.119E+17
  0.249E+11  0.352E-13  0.582E-11  0.119E+17
  0.393E+11  0.352E-13  0.436E-11  0.119E+17
  0.619E+11  0.352E-13  0.265E-11  0.119E+17
  0.971E+11  0.352E-13  0.130E-11  0.119E+17
  0.151E+12  0.352E-13  0.546E-12  0.119E+17
  0.234E+12  0.352E-13  0.212E-12  0.119E+17
  0.357E+12  0.352E-13  0.806E-13  0.119E+17
  0.534E+12  0.351E-13  0.312E-13  0.119E+17
  0.776E+12  0.351E-13  0.127E-13  0.119E+17
  0.881E+12  0.351E-13  0.949E-14  0.119E+17
  0.131E+13  0.349E-13  0.366E-14  0.119E+17
  0.185E+13  0.347E-13  0.152E-14  0.119E+17
  0.217E+13  0.345E-13  0.103E-14  0.119E+17
  0.534E+13  0.314E-13  0.115E-15  0.119E+17
  0.776E+13  0.277E-13  0.462E-16  0.119E+17
  0.131E+14  0.178E-13  0.132E-16  0.119E+17
  0.185E+14  0.795E-14  0.568E-17  0.119E+17
  0.217E+14  0.489E-14  0.392E-17  0.119E+17
  0.319E+14  0.218E-15  0.155E-17  0.119E+17
  0.534E+14  0.674E-18  0.453E-18  0.119E+17
  0.776E+14  0.202E-18  0.183E-18  0.119E+17
  0.131E+15  0.542E-19  0.526E-19  0.119E+17
  0.185E+15  0.229E-19  0.226E-19  0.119E+17
  0.217E+15  0.157E-19  0.155E-19  0.119E+17
  0.319E+15  0.609E-20  0.606E-20  0.119E+17
  0.534E+15  0.174E-20  0.174E-20  0.119E+17
  0.776E+15  0.733E-21  0.732E-21  0.119E+17
  0.131E+16  0.192E-21  0.192E-21  0.119E+17
  0.185E+16  0.804E-22  0.804E-22  0.119E+17
  0.217E+16  0.541E-22  0.541E-22  0.119E+17
  0.319E+16  0.207E-22  0.207E-22  0.119E+17
  0.534E+16  0.571E-23  0.571E-23  0.119E+17
  0.776E+16  0.224E-23  0.224E-23  0.119E+17
  0.131E+17  0.608E-24  0.608E-24  0.119E+17
  0.185E+17  0.254E-24  0.254E-24  0.119E+17
  0.217E+17  0.171E-24  0.171E-24  0.119E+17
  0.319E+17  0.654E-25  0.654E-25  0.119E+17
  0.427E+17  0.314E-25  0.314E-25  0.119E+17
  0.534E+17  0.181E-25  0.181E-25  0.119E+17
  0.616E+17  0.126E-25  0.126E-25  0.119E+17
  0.776E+17  0.709E-26  0.709E-26  0.119E+17
  0.109E+18  0.305E-26  0.305E-26  0.119E+17
  0.146E+18  0.147E-26  0.147E-26  0.119E+17
  0.185E+18  0.804E-27  0.804E-27  0.119E+17
