 DENS, T, fainum_exp
  0.100E+11  0.250E+04  0.333E+12
 lAMBDA, n, np
  0.434E+04  0.200E+01  0.500E+01
 62
  0.000E+00  0.000E+00  0.381E-10  0.809E-08
  0.580E-07  0.923E+04  0.381E-10  0.809E-08
  0.920E-07  0.146E+05  0.381E-10  0.809E-08
  0.146E-06  0.232E+05  0.381E-10  0.809E-08
  0.231E-06  0.367E+05  0.381E-10  0.809E-08
  0.366E-06  0.582E+05  0.381E-10  0.809E-08
  0.580E-06  0.923E+05  0.381E-10  0.809E-08
  0.920E-06  0.146E+06  0.381E-10  0.809E-08
  0.146E-05  0.232E+06  0.381E-10  0.809E-08
  0.231E-05  0.367E+06  0.381E-10  0.809E-08
  0.366E-05  0.582E+06  0.381E-10  0.809E-08
  0.580E-05  0.923E+06  0.381E-10  0.809E-08
  0.920E-05  0.146E+07  0.381E-10  0.808E-08
  0.146E-04  0.232E+07  0.381E-10  0.807E-08
  0.231E-04  0.367E+07  0.381E-10  0.803E-08
  0.365E-04  0.581E+07  0.381E-10  0.793E-08
  0.579E-04  0.920E+07  0.381E-10  0.773E-08
  0.915E-04  0.146E+08  0.381E-10  0.726E-08
  0.145E-03  0.230E+08  0.381E-10  0.630E-08
  0.228E-03  0.363E+08  0.381E-10  0.472E-08
  0.360E-03  0.572E+08  0.381E-10  0.287E-08
  0.564E-03  0.897E+08  0.381E-10  0.141E-08
  0.879E-03  0.140E+09  0.381E-10  0.592E-09
  0.136E-02  0.216E+09  0.381E-10  0.230E-09
  0.207E-02  0.330E+09  0.381E-10  0.873E-10
  0.310E-02  0.493E+09  0.380E-10  0.338E-10
  0.450E-02  0.716E+09  0.380E-10  0.138E-10
  0.512E-02  0.814E+09  0.380E-10  0.103E-10
  0.759E-02  0.121E+10  0.378E-10  0.396E-11
  0.108E-01  0.171E+10  0.376E-10  0.165E-11
  0.126E-01  0.201E+10  0.374E-10  0.112E-11
  0.310E-01  0.493E+10  0.341E-10  0.124E-12
  0.450E-01  0.716E+10  0.300E-10  0.500E-13
  0.759E-01  0.121E+11  0.192E-10  0.143E-13
  0.108E+00  0.171E+11  0.861E-11  0.615E-14
  0.126E+00  0.201E+11  0.529E-11  0.424E-14
  0.185E+00  0.295E+11  0.236E-12  0.167E-14
  0.310E+00  0.493E+11  0.730E-15  0.490E-15
  0.450E+00  0.716E+11  0.219E-15  0.198E-15
  0.759E+00  0.121E+12  0.587E-16  0.569E-16
  0.108E+01  0.171E+12  0.248E-16  0.245E-16
  0.126E+01  0.201E+12  0.170E-16  0.168E-16
  0.185E+01  0.295E+12  0.660E-17  0.657E-17
  0.310E+01  0.493E+12  0.189E-17  0.188E-17
  0.450E+01  0.716E+12  0.794E-18  0.793E-18
  0.757E+01  0.121E+13  0.208E-18  0.208E-18
  0.107E+02  0.171E+13  0.870E-19  0.870E-19
  0.126E+02  0.201E+13  0.585E-19  0.585E-19
  0.184E+02  0.295E+13  0.224E-19  0.224E-19
  0.308E+02  0.493E+13  0.619E-20  0.619E-20
  0.446E+02  0.716E+13  0.243E-20  0.243E-20
  0.746E+02  0.121E+14  0.659E-21  0.659E-21
  0.105E+03  0.171E+14  0.275E-21  0.275E-21
  0.123E+03  0.201E+14  0.185E-21  0.185E-21
  0.178E+03  0.295E+14  0.708E-22  0.708E-22
  0.235E+03  0.395E+14  0.340E-22  0.340E-22
  0.289E+03  0.493E+14  0.196E-22  0.196E-22
  0.331E+03  0.569E+14  0.136E-22  0.136E-22
  0.408E+03  0.716E+14  0.767E-23  0.767E-23
  0.551E+03  0.100E+15  0.330E-23  0.330E-23
  0.708E+03  0.134E+15  0.159E-23  0.159E-23
  0.862E+03  0.171E+15  0.870E-24  0.870E-24
