 DENS, T, fainum_exp
  0.100E+11  0.250E+04  0.249E+14
 lAMBDA, n, np
  0.369E+04  0.200E+01  0.190E+02
 50
  0.000E+00  0.000E+00  0.309E-10  0.200E-09
  0.580E-04  0.128E+08  0.309E-10  0.200E-09
  0.920E-04  0.203E+08  0.309E-10  0.200E-09
  0.146E-03  0.321E+08  0.309E-10  0.200E-09
  0.231E-03  0.509E+08  0.309E-10  0.200E-09
  0.366E-03  0.807E+08  0.309E-10  0.200E-09
  0.580E-03  0.128E+09  0.309E-10  0.200E-09
  0.920E-03  0.203E+09  0.309E-10  0.199E-09
  0.146E-02  0.321E+09  0.309E-10  0.196E-09
  0.231E-02  0.509E+09  0.309E-10  0.190E-09
  0.366E-02  0.807E+09  0.308E-10  0.176E-09
  0.580E-02  0.128E+10  0.307E-10  0.146E-09
  0.919E-02  0.203E+10  0.305E-10  0.961E-10
  0.146E-01  0.321E+10  0.299E-10  0.441E-10
  0.231E-01  0.509E+10  0.285E-10  0.149E-10
  0.366E-01  0.806E+10  0.253E-10  0.454E-11
  0.579E-01  0.128E+11  0.187E-10  0.140E-11
  0.917E-01  0.202E+11  0.885E-11  0.440E-12
  0.145E+00  0.320E+11  0.146E-11  0.140E-12
  0.230E+00  0.506E+11  0.729E-13  0.441E-13
  0.362E+00  0.799E+11  0.156E-13  0.138E-13
  0.571E+00  0.126E+12  0.461E-14  0.442E-14
  0.897E+00  0.198E+12  0.145E-14  0.142E-14
  0.140E+01  0.309E+12  0.468E-15  0.465E-15
  0.217E+01  0.479E+12  0.155E-15  0.155E-15
  0.333E+01  0.734E+12  0.529E-16  0.529E-16
  0.501E+01  0.110E+13  0.189E-16  0.189E-16
  0.734E+01  0.162E+13  0.716E-17  0.716E-17
  0.822E+01  0.182E+13  0.547E-17  0.547E-17
  0.104E+02  0.230E+13  0.298E-17  0.298E-17
  0.123E+02  0.271E+13  0.199E-17  0.199E-17
  0.178E+02  0.394E+13  0.774E-18  0.774E-18
  0.202E+02  0.449E+13  0.569E-18  0.569E-18
  0.299E+02  0.665E+13  0.211E-18  0.211E-18
  0.428E+02  0.955E+13  0.845E-19  0.845E-19
  0.495E+02  0.110E+14  0.594E-19  0.594E-19
  0.722E+02  0.162E+14  0.241E-19  0.241E-19
  0.806E+02  0.182E+14  0.180E-19  0.180E-19
  0.102E+03  0.230E+14  0.978E-20  0.978E-20
  0.119E+03  0.271E+14  0.648E-20  0.648E-20
  0.171E+03  0.394E+14  0.255E-20  0.255E-20
  0.193E+03  0.449E+14  0.185E-20  0.185E-20
  0.235E+03  0.552E+14  0.110E-20  0.110E-20
  0.279E+03  0.665E+14  0.690E-21  0.690E-21
  0.388E+03  0.955E+14  0.279E-21  0.279E-21
  0.441E+03  0.110E+15  0.194E-21  0.194E-21
  0.515E+03  0.132E+15  0.125E-21  0.125E-21
  0.613E+03  0.162E+15  0.742E-22  0.742E-22
  0.814E+03  0.230E+15  0.309E-22  0.309E-22
  0.103E+04  0.313E+15  0.144E-22  0.144E-22
