 DENS, T, fainum_exp
  0.100E+11  0.250E+04  0.249E+14
 lAMBDA, n, np
  0.369E+04  0.200E+01  0.190E+02

  0.000E+00  0.285E-13  0.185E-12  0.886E+18
  0.138E+11  0.285E-13  0.185E-12  0.886E+18
  0.220E+11  0.285E-13  0.185E-12  0.886E+18
  0.348E+11  0.285E-13  0.185E-12  0.886E+18
  0.551E+11  0.285E-13  0.185E-12  0.886E+18
  0.874E+11  0.285E-13  0.185E-12  0.886E+18
  0.138E+12  0.285E-13  0.184E-12  0.886E+18
  0.220E+12  0.285E-13  0.183E-12  0.886E+18
  0.348E+12  0.285E-13  0.181E-12  0.886E+18
  0.551E+12  0.285E-13  0.175E-12  0.886E+18
  0.874E+12  0.285E-13  0.162E-12  0.886E+18
  0.138E+13  0.284E-13  0.135E-12  0.886E+18
  0.219E+13  0.282E-13  0.888E-13  0.886E+18
  0.348E+13  0.276E-13  0.407E-13  0.886E+18
  0.551E+13  0.263E-13  0.137E-13  0.886E+18
  0.873E+13  0.234E-13  0.419E-14  0.886E+18
  0.138E+14  0.173E-13  0.129E-14  0.886E+18
  0.219E+14  0.818E-14  0.406E-15  0.886E+18
  0.347E+14  0.135E-14  0.129E-15  0.886E+18
  0.548E+14  0.674E-16  0.407E-16  0.886E+18
  0.865E+14  0.144E-16  0.128E-16  0.886E+18
  0.136E+15  0.426E-17  0.408E-17  0.886E+18
  0.214E+15  0.134E-17  0.132E-17  0.886E+18
  0.335E+15  0.432E-18  0.430E-18  0.886E+18
  0.519E+15  0.143E-18  0.143E-18  0.886E+18
  0.795E+15  0.489E-19  0.488E-19  0.886E+18
  0.120E+16  0.174E-19  0.174E-19  0.886E+18
  0.176E+16  0.661E-20  0.661E-20  0.886E+18
  0.197E+16  0.505E-20  0.505E-20  0.886E+18
  0.249E+16  0.275E-20  0.275E-20  0.886E+18
  0.294E+16  0.183E-20  0.183E-20  0.886E+18
  0.427E+16  0.715E-21  0.715E-21  0.886E+18
  0.486E+16  0.525E-21  0.525E-21  0.886E+18
  0.720E+16  0.194E-21  0.194E-21  0.886E+18
  0.103E+17  0.781E-22  0.781E-22  0.886E+18
  0.120E+17  0.549E-22  0.549E-22  0.886E+18
  0.176E+17  0.223E-22  0.223E-22  0.886E+18
  0.197E+17  0.166E-22  0.166E-22  0.886E+18
  0.249E+17  0.903E-23  0.903E-23  0.886E+18
  0.294E+17  0.598E-23  0.598E-23  0.886E+18
  0.427E+17  0.235E-23  0.235E-23  0.886E+18
  0.486E+17  0.170E-23  0.170E-23  0.886E+18
  0.598E+17  0.101E-23  0.101E-23  0.886E+18
  0.720E+17  0.637E-24  0.637E-24  0.886E+18
  0.103E+18  0.258E-24  0.258E-24  0.886E+18
  0.120E+18  0.179E-24  0.179E-24  0.886E+18
  0.143E+18  0.115E-24  0.115E-24  0.886E+18
  0.176E+18  0.685E-25  0.685E-25  0.886E+18
  0.249E+18  0.286E-25  0.286E-25  0.886E+18
  0.339E+18  0.133E-25  0.133E-25  0.886E+18
