 DENS, T, fainum_exp
  0.100E+11  0.250E+04  0.387E+14
 lAMBDA, n, np
  0.836E+04  0.300E+01  0.220E+02
 50
  0.000E+00  0.000E+00  0.592E-10  0.141E-09
  0.920E-04  0.394E+07  0.592E-10  0.141E-09
  0.146E-03  0.625E+07  0.592E-10  0.141E-09
  0.231E-03  0.990E+07  0.592E-10  0.141E-09
  0.366E-03  0.157E+08  0.592E-10  0.141E-09
  0.580E-03  0.249E+08  0.592E-10  0.141E-09
  0.920E-03  0.394E+08  0.592E-10  0.141E-09
  0.146E-02  0.625E+08  0.592E-10  0.141E-09
  0.231E-02  0.990E+08  0.591E-10  0.141E-09
  0.366E-02  0.157E+09  0.591E-10  0.141E-09
  0.580E-02  0.249E+09  0.591E-10  0.140E-09
  0.920E-02  0.394E+09  0.591E-10  0.139E-09
  0.146E-01  0.625E+09  0.589E-10  0.136E-09
  0.231E-01  0.990E+09  0.584E-10  0.128E-09
  0.366E-01  0.157E+10  0.573E-10  0.110E-09
  0.580E-01  0.249E+10  0.547E-10  0.781E-10
  0.919E-01  0.394E+10  0.486E-10  0.402E-10
  0.145E+00  0.624E+10  0.363E-10  0.147E-10
  0.230E+00  0.988E+10  0.180E-10  0.456E-11
  0.364E+00  0.156E+11  0.397E-11  0.139E-11
  0.576E+00  0.247E+11  0.581E-12  0.430E-12
  0.910E+00  0.390E+11  0.148E-12  0.135E-12
  0.143E+01  0.614E+11  0.438E-13  0.422E-13
  0.225E+01  0.964E+11  0.136E-13  0.134E-13
  0.351E+01  0.150E+12  0.441E-14  0.439E-14
  0.542E+01  0.233E+12  0.147E-14  0.146E-14
  0.828E+01  0.355E+12  0.505E-15  0.504E-15
  0.124E+02  0.532E+12  0.182E-15  0.182E-15
  0.181E+02  0.776E+12  0.702E-16  0.702E-16
  0.204E+02  0.878E+12  0.523E-16  0.523E-16
  0.303E+02  0.130E+13  0.193E-16  0.193E-16
  0.436E+02  0.188E+13  0.768E-17  0.768E-17
  0.502E+02  0.216E+13  0.548E-17  0.548E-17
  0.737E+02  0.319E+13  0.203E-17  0.203E-17
  0.820E+02  0.355E+13  0.157E-17  0.157E-17
  0.105E+03  0.454E+13  0.880E-18  0.880E-18
  0.122E+03  0.532E+13  0.595E-18  0.595E-18
  0.177E+03  0.776E+13  0.230E-18  0.230E-18
  0.200E+03  0.878E+13  0.169E-18  0.169E-18
  0.247E+03  0.109E+14  0.982E-19  0.982E-19
  0.294E+03  0.130E+14  0.629E-19  0.629E-19
  0.417E+03  0.188E+14  0.252E-19  0.252E-19
  0.476E+03  0.216E+14  0.177E-19  0.177E-19
  0.683E+03  0.319E+14  0.674E-20  0.674E-20
  0.754E+03  0.355E+14  0.514E-20  0.514E-20
  0.940E+03  0.454E+14  0.278E-20  0.278E-20
  0.108E+04  0.532E+14  0.187E-20  0.187E-20
  0.123E+04  0.621E+14  0.127E-20  0.127E-20
  0.149E+04  0.776E+14  0.729E-21  0.729E-21
  0.195E+04  0.109E+15  0.311E-21  0.311E-21
