 DENS, T, fainum_exp
  0.100E+11  0.250E+04  0.387E+14
 lAMBDA, n, np
  0.836E+04  0.300E+01  0.220E+02

  0.000E+00  0.546E-13  0.130E-12  0.138E+19
  0.427E+10  0.546E-13  0.130E-12  0.138E+19
  0.677E+10  0.546E-13  0.130E-12  0.138E+19
  0.107E+11  0.546E-13  0.130E-12  0.138E+19
  0.170E+11  0.546E-13  0.130E-12  0.138E+19
  0.269E+11  0.546E-13  0.130E-12  0.138E+19
  0.427E+11  0.546E-13  0.130E-12  0.138E+19
  0.677E+11  0.546E-13  0.130E-12  0.138E+19
  0.107E+12  0.546E-13  0.130E-12  0.138E+19
  0.170E+12  0.546E-13  0.130E-12  0.138E+19
  0.269E+12  0.546E-13  0.129E-12  0.138E+19
  0.427E+12  0.545E-13  0.128E-12  0.138E+19
  0.677E+12  0.544E-13  0.125E-12  0.138E+19
  0.107E+13  0.539E-13  0.118E-12  0.138E+19
  0.170E+13  0.529E-13  0.101E-12  0.138E+19
  0.269E+13  0.505E-13  0.721E-13  0.138E+19
  0.427E+13  0.449E-13  0.371E-13  0.138E+19
  0.676E+13  0.335E-13  0.136E-13  0.138E+19
  0.107E+14  0.166E-13  0.421E-14  0.138E+19
  0.169E+14  0.366E-14  0.128E-14  0.138E+19
  0.268E+14  0.537E-15  0.397E-15  0.138E+19
  0.422E+14  0.137E-15  0.124E-15  0.138E+19
  0.665E+14  0.404E-16  0.390E-16  0.138E+19
  0.104E+15  0.126E-16  0.124E-16  0.138E+19
  0.163E+15  0.407E-17  0.405E-17  0.138E+19
  0.252E+15  0.135E-17  0.135E-17  0.138E+19
  0.385E+15  0.466E-18  0.465E-18  0.138E+19
  0.576E+15  0.168E-18  0.168E-18  0.138E+19
  0.840E+15  0.648E-19  0.648E-19  0.138E+19
  0.951E+15  0.483E-19  0.483E-19  0.138E+19
  0.141E+16  0.178E-19  0.178E-19  0.138E+19
  0.204E+16  0.709E-20  0.709E-20  0.138E+19
  0.234E+16  0.506E-20  0.506E-20  0.138E+19
  0.345E+16  0.187E-20  0.187E-20  0.138E+19
  0.385E+16  0.145E-20  0.145E-20  0.138E+19
  0.492E+16  0.813E-21  0.813E-21  0.138E+19
  0.576E+16  0.549E-21  0.549E-21  0.138E+19
  0.840E+16  0.213E-21  0.213E-21  0.138E+19
  0.951E+16  0.156E-21  0.156E-21  0.138E+19
  0.118E+17  0.907E-22  0.907E-22  0.138E+19
  0.141E+17  0.581E-22  0.581E-22  0.138E+19
  0.204E+17  0.232E-22  0.232E-22  0.138E+19
  0.234E+17  0.164E-22  0.164E-22  0.138E+19
  0.345E+17  0.622E-23  0.622E-23  0.138E+19
  0.385E+17  0.475E-23  0.475E-23  0.138E+19
  0.492E+17  0.257E-23  0.257E-23  0.138E+19
  0.576E+17  0.173E-23  0.173E-23  0.138E+19
  0.672E+17  0.118E-23  0.118E-23  0.138E+19
  0.840E+17  0.673E-24  0.673E-24  0.138E+19
  0.118E+18  0.287E-24  0.287E-24  0.138E+19
