 DENS, T, fainum_exp
  0.100E+11  0.250E+04  0.180E+13
 lAMBDA, n, np
  0.389E+04  0.200E+01  0.800E+01

  0.000E+00  0.310E-13  0.151E-11  0.642E+17
  0.124E+10  0.310E-13  0.151E-11  0.642E+17
  0.197E+10  0.310E-13  0.151E-11  0.642E+17
  0.313E+10  0.310E-13  0.151E-11  0.642E+17
  0.495E+10  0.310E-13  0.151E-11  0.642E+17
  0.785E+10  0.310E-13  0.151E-11  0.642E+17
  0.124E+11  0.310E-13  0.151E-11  0.642E+17
  0.197E+11  0.310E-13  0.150E-11  0.642E+17
  0.313E+11  0.310E-13  0.149E-11  0.642E+17
  0.495E+11  0.310E-13  0.146E-11  0.642E+17
  0.785E+11  0.310E-13  0.138E-11  0.642E+17
  0.124E+12  0.310E-13  0.123E-11  0.642E+17
  0.197E+12  0.310E-13  0.938E-12  0.642E+17
  0.311E+12  0.310E-13  0.554E-12  0.642E+17
  0.493E+12  0.310E-13  0.243E-12  0.642E+17
  0.778E+12  0.309E-13  0.866E-13  0.642E+17
  0.123E+13  0.309E-13  0.282E-13  0.642E+17
  0.193E+13  0.306E-13  0.908E-14  0.642E+17
  0.301E+13  0.301E-13  0.289E-14  0.642E+17
  0.468E+13  0.290E-13  0.971E-15  0.642E+17
  0.718E+13  0.264E-13  0.342E-15  0.642E+17
  0.108E+14  0.214E-13  0.126E-15  0.642E+17
  0.160E+14  0.136E-13  0.495E-16  0.642E+17
  0.178E+14  0.114E-13  0.387E-16  0.642E+17
  0.227E+14  0.485E-14  0.211E-16  0.642E+17
  0.266E+14  0.269E-14  0.145E-16  0.642E+17
  0.388E+14  0.629E-16  0.584E-17  0.642E+17
  0.653E+14  0.232E-17  0.167E-17  0.642E+17
  0.940E+14  0.744E-18  0.689E-18  0.642E+17
  0.108E+15  0.523E-18  0.494E-18  0.642E+17
  0.160E+15  0.195E-18  0.190E-18  0.642E+17
  0.266E+15  0.543E-19  0.538E-19  0.642E+17
  0.388E+15  0.209E-19  0.208E-19  0.642E+17
  0.439E+15  0.156E-19  0.155E-19  0.642E+17
  0.653E+15  0.571E-20  0.570E-20  0.642E+17
  0.942E+15  0.227E-20  0.227E-20  0.642E+17
  0.108E+16  0.162E-20  0.162E-20  0.642E+17
  0.160E+16  0.609E-21  0.609E-21  0.642E+17
  0.178E+16  0.472E-21  0.472E-21  0.642E+17
  0.227E+16  0.251E-21  0.251E-21  0.642E+17
  0.266E+16  0.170E-21  0.170E-21  0.642E+17
  0.388E+16  0.657E-22  0.657E-22  0.642E+17
  0.439E+16  0.490E-22  0.490E-22  0.642E+17
  0.653E+16  0.180E-22  0.180E-22  0.642E+17
  0.942E+16  0.715E-23  0.715E-23  0.642E+17
  0.108E+17  0.511E-23  0.511E-23  0.642E+17
  0.160E+17  0.205E-23  0.205E-23  0.642E+17
  0.178E+17  0.155E-23  0.155E-23  0.642E+17
  0.227E+17  0.823E-24  0.823E-24  0.642E+17
  0.266E+17  0.555E-24  0.555E-24  0.642E+17
  0.388E+17  0.216E-24  0.216E-24  0.642E+17
  0.439E+17  0.159E-24  0.159E-24  0.642E+17
  0.546E+17  0.920E-25  0.920E-25  0.642E+17
  0.653E+17  0.589E-25  0.589E-25  0.642E+17
  0.942E+17  0.236E-25  0.236E-25  0.642E+17
  0.108E+18  0.166E-25  0.166E-25  0.642E+17
  0.131E+18  0.104E-25  0.104E-25  0.642E+17
  0.160E+18  0.631E-26  0.631E-26  0.642E+17
  0.227E+18  0.260E-26  0.260E-26  0.642E+17
  0.311E+18  0.119E-26  0.119E-26  0.642E+17
