 DENS, T, fainum_exp
  0.100E+11  0.250E+04  0.180E+13
 lAMBDA, n, np
  0.389E+04  0.200E+01  0.800E+01
 60
  0.000E+00  0.000E+00  0.336E-10  0.164E-08
  0.580E-05  0.115E+07  0.336E-10  0.164E-08
  0.920E-05  0.182E+07  0.336E-10  0.164E-08
  0.146E-04  0.289E+07  0.336E-10  0.164E-08
  0.231E-04  0.458E+07  0.336E-10  0.164E-08
  0.366E-04  0.725E+07  0.336E-10  0.164E-08
  0.580E-04  0.115E+08  0.336E-10  0.163E-08
  0.919E-04  0.182E+08  0.336E-10  0.163E-08
  0.146E-03  0.289E+08  0.336E-10  0.161E-08
  0.231E-03  0.457E+08  0.336E-10  0.158E-08
  0.366E-03  0.725E+08  0.336E-10  0.150E-08
  0.579E-03  0.115E+09  0.336E-10  0.133E-08
  0.917E-03  0.182E+09  0.336E-10  0.102E-08
  0.145E-02  0.288E+09  0.336E-10  0.600E-09
  0.230E-02  0.455E+09  0.335E-10  0.263E-09
  0.363E-02  0.718E+09  0.335E-10  0.938E-10
  0.572E-02  0.113E+10  0.334E-10  0.306E-10
  0.898E-02  0.178E+10  0.332E-10  0.984E-11
  0.140E-01  0.278E+10  0.326E-10  0.313E-11
  0.218E-01  0.432E+10  0.314E-10  0.105E-11
  0.335E-01  0.663E+10  0.286E-10  0.371E-12
  0.505E-01  0.100E+11  0.232E-10  0.137E-12
  0.744E-01  0.147E+11  0.147E-10  0.536E-13
  0.829E-01  0.164E+11  0.123E-10  0.419E-13
  0.106E+00  0.210E+11  0.525E-11  0.229E-13
  0.124E+00  0.246E+11  0.291E-11  0.158E-13
  0.181E+00  0.359E+11  0.681E-13  0.632E-14
  0.304E+00  0.603E+11  0.251E-14  0.181E-14
  0.438E+00  0.868E+11  0.806E-15  0.746E-15
  0.505E+00  0.100E+12  0.567E-15  0.535E-15
  0.743E+00  0.147E+12  0.212E-15  0.206E-15
  0.124E+01  0.246E+12  0.588E-16  0.583E-16
  0.181E+01  0.359E+12  0.226E-16  0.225E-16
  0.205E+01  0.406E+12  0.169E-16  0.168E-16
  0.304E+01  0.603E+12  0.619E-17  0.618E-17
  0.439E+01  0.870E+12  0.246E-17  0.246E-17
  0.504E+01  0.100E+13  0.175E-17  0.175E-17
  0.742E+01  0.147E+13  0.660E-18  0.660E-18
  0.827E+01  0.164E+13  0.511E-18  0.511E-18
  0.106E+02  0.210E+13  0.272E-18  0.272E-18
  0.124E+02  0.246E+13  0.184E-18  0.184E-18
  0.180E+02  0.359E+13  0.711E-19  0.711E-19
  0.204E+02  0.406E+13  0.530E-19  0.530E-19
  0.302E+02  0.603E+13  0.195E-19  0.195E-19
  0.434E+02  0.870E+13  0.774E-20  0.774E-20
  0.498E+02  0.100E+14  0.553E-20  0.553E-20
  0.730E+02  0.147E+14  0.222E-20  0.222E-20
  0.811E+02  0.164E+14  0.168E-20  0.168E-20
  0.103E+03  0.210E+14  0.891E-21  0.891E-21
  0.120E+03  0.246E+14  0.601E-21  0.601E-21
  0.173E+03  0.359E+14  0.234E-21  0.234E-21
  0.195E+03  0.406E+14  0.172E-21  0.172E-21
  0.239E+03  0.505E+14  0.996E-22  0.996E-22
  0.282E+03  0.603E+14  0.638E-22  0.638E-22
  0.394E+03  0.870E+14  0.255E-22  0.255E-22
  0.447E+03  0.100E+15  0.180E-22  0.180E-22
  0.527E+03  0.121E+15  0.113E-22  0.113E-22
  0.624E+03  0.147E+15  0.684E-23  0.684E-23
  0.833E+03  0.210E+15  0.282E-23  0.282E-23
  0.106E+04  0.287E+15  0.129E-23  0.129E-23
