 DENS, T, fainum_exp
  0.100E+11  0.250E+04  0.108E+13
 lAMBDA, n, np
  0.397E+04  0.200E+01  0.700E+01

  0.000E+00  0.321E-13  0.238E-11  0.385E+17
  0.119E+10  0.321E-13  0.238E-11  0.385E+17
  0.189E+10  0.321E-13  0.238E-11  0.385E+17
  0.300E+10  0.321E-13  0.238E-11  0.385E+17
  0.475E+10  0.321E-13  0.238E-11  0.385E+17
  0.754E+10  0.321E-13  0.238E-11  0.385E+17
  0.119E+11  0.321E-13  0.237E-11  0.385E+17
  0.189E+11  0.321E-13  0.235E-11  0.385E+17
  0.300E+11  0.321E-13  0.230E-11  0.385E+17
  0.475E+11  0.321E-13  0.219E-11  0.385E+17
  0.752E+11  0.321E-13  0.196E-11  0.385E+17
  0.119E+12  0.321E-13  0.153E-11  0.385E+17
  0.188E+12  0.321E-13  0.942E-12  0.385E+17
  0.298E+12  0.321E-13  0.435E-12  0.385E+17
  0.470E+12  0.321E-13  0.163E-12  0.385E+17
  0.739E+12  0.321E-13  0.551E-13  0.385E+17
  0.116E+13  0.320E-13  0.182E-13  0.385E+17
  0.180E+13  0.318E-13  0.604E-14  0.385E+17
  0.278E+13  0.313E-13  0.198E-14  0.385E+17
  0.423E+13  0.303E-13  0.708E-15  0.385E+17
  0.629E+13  0.282E-13  0.268E-15  0.385E+17
  0.908E+13  0.244E-13  0.110E-15  0.385E+17
  0.104E+14  0.225E-13  0.801E-16  0.385E+17
  0.154E+14  0.145E-13  0.313E-16  0.385E+17
  0.219E+14  0.535E-14  0.133E-16  0.385E+17
  0.256E+14  0.306E-14  0.923E-17  0.385E+17
  0.374E+14  0.761E-16  0.369E-17  0.385E+17
  0.423E+14  0.415E-16  0.280E-17  0.385E+17
  0.629E+14  0.151E-17  0.107E-17  0.385E+17
  0.908E+14  0.474E-18  0.437E-18  0.385E+17
  0.104E+15  0.337E-18  0.317E-18  0.385E+17
  0.154E+15  0.126E-18  0.123E-18  0.385E+17
  0.219E+15  0.520E-19  0.513E-19  0.385E+17
  0.256E+15  0.357E-19  0.353E-19  0.385E+17
  0.374E+15  0.137E-19  0.137E-19  0.385E+17
  0.423E+15  0.103E-19  0.102E-19  0.385E+17
  0.629E+15  0.403E-20  0.403E-20  0.385E+17
  0.908E+15  0.155E-20  0.155E-20  0.385E+17
  0.104E+16  0.110E-20  0.110E-20  0.385E+17
  0.154E+16  0.416E-21  0.416E-21  0.385E+17
  0.219E+16  0.171E-21  0.171E-21  0.385E+17
  0.256E+16  0.116E-21  0.116E-21  0.385E+17
  0.374E+16  0.449E-22  0.449E-22  0.385E+17
  0.423E+16  0.332E-22  0.332E-22  0.385E+17
  0.528E+16  0.190E-22  0.190E-22  0.385E+17
  0.629E+16  0.123E-22  0.123E-22  0.385E+17
  0.908E+16  0.489E-23  0.489E-23  0.385E+17
  0.104E+17  0.347E-23  0.347E-23  0.385E+17
  0.154E+17  0.131E-23  0.131E-23  0.385E+17
  0.219E+17  0.540E-24  0.540E-24  0.385E+17
  0.256E+17  0.366E-24  0.366E-24  0.385E+17
  0.374E+17  0.142E-24  0.142E-24  0.385E+17
  0.423E+17  0.105E-24  0.105E-24  0.385E+17
  0.528E+17  0.602E-25  0.602E-25  0.385E+17
  0.629E+17  0.388E-25  0.388E-25  0.385E+17
  0.908E+17  0.155E-25  0.155E-25  0.385E+17
  0.104E+18  0.110E-25  0.110E-25  0.385E+17
  0.126E+18  0.679E-26  0.679E-26  0.385E+17
  0.154E+18  0.416E-26  0.416E-26  0.385E+17
  0.219E+18  0.171E-26  0.171E-26  0.385E+17
