 DENS, T, fainum_exp
  0.100E+11  0.250E+04  0.108E+13
 lAMBDA, n, np
  0.397E+04  0.200E+01  0.700E+01
 60
  0.000E+00  0.000E+00  0.348E-10  0.258E-08
  0.580E-05  0.110E+07  0.348E-10  0.258E-08
  0.920E-05  0.175E+07  0.348E-10  0.258E-08
  0.146E-04  0.277E+07  0.348E-10  0.258E-08
  0.231E-04  0.439E+07  0.348E-10  0.258E-08
  0.366E-04  0.696E+07  0.348E-10  0.257E-08
  0.580E-04  0.110E+08  0.348E-10  0.256E-08
  0.919E-04  0.175E+08  0.348E-10  0.254E-08
  0.146E-03  0.277E+08  0.348E-10  0.249E-08
  0.231E-03  0.439E+08  0.348E-10  0.238E-08
  0.365E-03  0.695E+08  0.348E-10  0.212E-08
  0.578E-03  0.110E+09  0.348E-10  0.166E-08
  0.915E-03  0.174E+09  0.348E-10  0.102E-08
  0.145E-02  0.275E+09  0.348E-10  0.471E-09
  0.228E-02  0.434E+09  0.348E-10  0.176E-09
  0.359E-02  0.682E+09  0.347E-10  0.597E-10
  0.562E-02  0.107E+10  0.346E-10  0.197E-10
  0.876E-02  0.166E+10  0.344E-10  0.654E-11
  0.135E-01  0.257E+10  0.339E-10  0.215E-11
  0.205E-01  0.390E+10  0.328E-10  0.767E-12
  0.305E-01  0.581E+10  0.305E-10  0.291E-12
  0.441E-01  0.839E+10  0.265E-10  0.119E-12
  0.506E-01  0.962E+10  0.244E-10  0.867E-13
  0.747E-01  0.142E+11  0.157E-10  0.339E-13
  0.107E+00  0.203E+11  0.579E-11  0.144E-13
  0.125E+00  0.237E+11  0.331E-11  0.999E-14
  0.182E+00  0.346E+11  0.824E-13  0.400E-14
  0.205E+00  0.390E+11  0.449E-13  0.303E-14
  0.305E+00  0.581E+11  0.164E-14  0.116E-14
  0.441E+00  0.839E+11  0.513E-15  0.473E-15
  0.506E+00  0.962E+11  0.365E-15  0.343E-15
  0.746E+00  0.142E+12  0.136E-15  0.133E-15
  0.107E+01  0.203E+12  0.563E-16  0.556E-16
  0.124E+01  0.237E+12  0.386E-16  0.383E-16
  0.182E+01  0.346E+12  0.149E-16  0.148E-16
  0.205E+01  0.390E+12  0.111E-16  0.111E-16
  0.305E+01  0.581E+12  0.437E-17  0.436E-17
  0.441E+01  0.839E+12  0.168E-17  0.168E-17
  0.506E+01  0.962E+12  0.119E-17  0.119E-17
  0.745E+01  0.142E+13  0.450E-18  0.450E-18
  0.106E+02  0.203E+13  0.185E-18  0.185E-18
  0.124E+02  0.237E+13  0.125E-18  0.125E-18
  0.181E+02  0.346E+13  0.486E-19  0.486E-19
  0.204E+02  0.390E+13  0.359E-19  0.359E-19
  0.255E+02  0.487E+13  0.206E-19  0.206E-19
  0.303E+02  0.581E+13  0.133E-19  0.133E-19
  0.436E+02  0.839E+13  0.530E-20  0.530E-20
  0.500E+02  0.962E+13  0.376E-20  0.376E-20
  0.733E+02  0.142E+14  0.142E-20  0.142E-20
  0.104E+03  0.203E+14  0.584E-21  0.584E-21
  0.121E+03  0.237E+14  0.396E-21  0.396E-21
  0.174E+03  0.346E+14  0.154E-21  0.154E-21
  0.195E+03  0.390E+14  0.114E-21  0.114E-21
  0.241E+03  0.487E+14  0.652E-22  0.652E-22
  0.284E+03  0.581E+14  0.420E-22  0.420E-22
  0.397E+03  0.839E+14  0.168E-22  0.168E-22
  0.449E+03  0.962E+14  0.119E-22  0.119E-22
  0.531E+03  0.117E+15  0.736E-23  0.736E-23
  0.628E+03  0.142E+15  0.450E-23  0.450E-23
  0.840E+03  0.203E+15  0.185E-23  0.185E-23
