 DENS, T, fainum_exp
  0.100E+11  0.250E+04  0.211E+14
 lAMBDA, n, np
  0.915E+03  0.100E+01  0.180E+02

  0.000E+00  0.739E-14  0.198E-12  0.753E+18
  0.357E+11  0.739E-14  0.197E-12  0.753E+18
  0.566E+11  0.739E-14  0.197E-12  0.753E+18
  0.896E+11  0.739E-14  0.197E-12  0.753E+18
  0.142E+12  0.739E-14  0.197E-12  0.753E+18
  0.225E+12  0.739E-14  0.195E-12  0.753E+18
  0.357E+12  0.739E-14  0.192E-12  0.753E+18
  0.566E+12  0.739E-14  0.185E-12  0.753E+18
  0.896E+12  0.739E-14  0.168E-12  0.753E+18
  0.142E+13  0.738E-14  0.135E-12  0.753E+18
  0.225E+13  0.738E-14  0.839E-13  0.753E+18
  0.357E+13  0.737E-14  0.367E-13  0.753E+18
  0.565E+13  0.735E-14  0.123E-13  0.753E+18
  0.896E+13  0.729E-14  0.375E-14  0.753E+18
  0.142E+14  0.714E-14  0.113E-14  0.753E+18
  0.225E+14  0.678E-14  0.330E-15  0.753E+18
  0.356E+14  0.595E-14  0.102E-15  0.753E+18
  0.564E+14  0.430E-14  0.318E-16  0.753E+18
  0.892E+14  0.191E-14  0.101E-16  0.753E+18
  0.141E+15  0.249E-15  0.320E-17  0.753E+18
  0.222E+15  0.285E-17  0.102E-17  0.753E+18
  0.349E+15  0.372E-18  0.329E-18  0.753E+18
  0.557E+15  0.107E-18  0.103E-18  0.753E+18
  0.874E+15  0.337E-19  0.331E-19  0.753E+18
  0.139E+16  0.104E-19  0.103E-19  0.753E+18
  0.222E+16  0.323E-20  0.322E-20  0.753E+18
  0.349E+16  0.105E-20  0.105E-20  0.753E+18
  0.557E+16  0.325E-21  0.325E-21  0.753E+18
  0.874E+16  0.105E-21  0.105E-21  0.753E+18
  0.139E+17  0.327E-22  0.327E-22  0.753E+18
  0.222E+17  0.102E-22  0.102E-22  0.753E+18
  0.349E+17  0.330E-23  0.330E-23  0.753E+18
  0.557E+17  0.103E-23  0.103E-23  0.753E+18
  0.874E+17  0.333E-24  0.333E-24  0.753E+18
