 DENS, T, fainum_exp
  0.100E+11  0.250E+04  0.211E+14
 lAMBDA, n, np
  0.915E+03  0.100E+01  0.180E+02
 34
  0.000E+00  0.000E+00  0.800E-11  0.214E-09
  0.920E-05  0.330E+08  0.800E-11  0.214E-09
  0.146E-04  0.522E+08  0.800E-11  0.214E-09
  0.231E-04  0.828E+08  0.800E-11  0.214E-09
  0.366E-04  0.131E+09  0.800E-11  0.213E-09
  0.580E-04  0.208E+09  0.800E-11  0.212E-09
  0.920E-04  0.330E+09  0.800E-11  0.208E-09
  0.146E-03  0.522E+09  0.800E-11  0.200E-09
  0.231E-03  0.828E+09  0.800E-11  0.182E-09
  0.366E-03  0.131E+10  0.800E-11  0.146E-09
  0.580E-03  0.208E+10  0.800E-11  0.908E-10
  0.919E-03  0.330E+10  0.798E-11  0.398E-10
  0.146E-02  0.522E+10  0.796E-11  0.133E-10
  0.231E-02  0.827E+10  0.789E-11  0.406E-11
  0.366E-02  0.131E+11  0.773E-11  0.122E-11
  0.579E-02  0.208E+11  0.734E-11  0.357E-12
  0.918E-02  0.329E+11  0.644E-11  0.110E-12
  0.145E-01  0.521E+11  0.465E-11  0.344E-13
  0.230E-01  0.823E+11  0.206E-11  0.109E-13
  0.363E-01  0.130E+12  0.270E-12  0.346E-14
  0.572E-01  0.205E+12  0.308E-14  0.111E-14
  0.900E-01  0.323E+12  0.402E-15  0.356E-15
  0.143E+00  0.514E+12  0.116E-15  0.111E-15
  0.225E+00  0.807E+12  0.365E-16  0.359E-16
  0.359E+00  0.129E+13  0.112E-16  0.112E-16
  0.572E+00  0.205E+13  0.350E-17  0.349E-17
  0.899E+00  0.323E+13  0.114E-17  0.114E-17
  0.143E+01  0.514E+13  0.352E-18  0.352E-18
  0.225E+01  0.807E+13  0.114E-18  0.114E-18
  0.358E+01  0.129E+14  0.355E-19  0.355E-19
  0.569E+01  0.205E+14  0.111E-19  0.111E-19
  0.891E+01  0.323E+14  0.357E-20  0.357E-20
  0.141E+02  0.514E+14  0.111E-20  0.111E-20
  0.220E+02  0.807E+14  0.361E-21  0.361E-21
