 DENS, T, fainum_exp
  0.100E+11  0.250E+04  0.148E+14
 lAMBDA, n, np
  0.850E+04  0.300E+01  0.160E+02
 49
  0.000E+00  0.000E+00  0.678E-10  0.301E-09
  0.231E-04  0.957E+06  0.678E-10  0.301E-09
  0.366E-04  0.152E+07  0.678E-10  0.301E-09
  0.580E-04  0.240E+07  0.678E-10  0.301E-09
  0.920E-04  0.381E+07  0.678E-10  0.301E-09
  0.146E-03  0.604E+07  0.678E-10  0.301E-09
  0.231E-03  0.957E+07  0.678E-10  0.301E-09
  0.366E-03  0.152E+08  0.678E-10  0.301E-09
  0.580E-03  0.240E+08  0.678E-10  0.301E-09
  0.920E-03  0.381E+08  0.678E-10  0.301E-09
  0.146E-02  0.604E+08  0.678E-10  0.301E-09
  0.231E-02  0.957E+08  0.678E-10  0.300E-09
  0.366E-02  0.152E+09  0.678E-10  0.298E-09
  0.580E-02  0.240E+09  0.677E-10  0.293E-09
  0.919E-02  0.381E+09  0.676E-10  0.280E-09
  0.146E-01  0.604E+09  0.674E-10  0.251E-09
  0.231E-01  0.956E+09  0.669E-10  0.197E-09
  0.365E-01  0.151E+10  0.654E-10  0.119E-09
  0.578E-01  0.240E+10  0.620E-10  0.508E-10
  0.915E-01  0.379E+10  0.542E-10  0.169E-10
  0.145E+00  0.599E+10  0.388E-10  0.525E-11
  0.228E+00  0.945E+10  0.172E-10  0.165E-11
  0.359E+00  0.149E+11  0.266E-11  0.533E-12
  0.562E+00  0.233E+11  0.244E-12  0.175E-12
  0.876E+00  0.363E+11  0.643E-13  0.580E-13
  0.135E+01  0.560E+11  0.206E-13  0.198E-13
  0.205E+01  0.850E+11  0.701E-14  0.689E-14
  0.305E+01  0.126E+12  0.255E-14  0.253E-14
  0.440E+01  0.183E+12  0.100E-14  0.100E-14
  0.505E+01  0.210E+12  0.720E-15  0.718E-15
  0.745E+01  0.309E+12  0.270E-15  0.269E-15
  0.124E+02  0.516E+12  0.754E-16  0.754E-16
  0.181E+02  0.753E+12  0.290E-16  0.290E-16
  0.205E+02  0.850E+12  0.217E-16  0.217E-16
  0.304E+02  0.126E+13  0.798E-17  0.798E-17
  0.438E+02  0.183E+13  0.317E-17  0.317E-17
  0.503E+02  0.210E+13  0.227E-17  0.227E-17
  0.739E+02  0.309E+13  0.840E-18  0.840E-18
  0.822E+02  0.344E+13  0.651E-18  0.651E-18
  0.123E+03  0.516E+13  0.247E-18  0.247E-18
  0.178E+03  0.753E+13  0.953E-19  0.953E-19
  0.200E+03  0.850E+13  0.703E-19  0.703E-19
  0.294E+03  0.126E+14  0.261E-19  0.261E-19
  0.419E+03  0.183E+14  0.104E-19  0.104E-19
  0.477E+03  0.210E+14  0.736E-20  0.736E-20
  0.686E+03  0.309E+14  0.279E-20  0.279E-20
  0.756E+03  0.344E+14  0.213E-20  0.213E-20
  0.109E+04  0.516E+14  0.776E-21  0.776E-21
  0.150E+04  0.753E+14  0.301E-21  0.301E-21
