 DENS, T, fainum_exp
  0.100E+11  0.250E+04  0.148E+14
 lAMBDA, n, np
  0.850E+04  0.300E+01  0.160E+02

  0.000E+00  0.626E-13  0.278E-12  0.528E+18
  0.104E+10  0.626E-13  0.278E-12  0.528E+18
  0.164E+10  0.626E-13  0.278E-12  0.528E+18
  0.260E+10  0.626E-13  0.278E-12  0.528E+18
  0.413E+10  0.626E-13  0.278E-12  0.528E+18
  0.654E+10  0.626E-13  0.278E-12  0.528E+18
  0.104E+11  0.626E-13  0.278E-12  0.528E+18
  0.164E+11  0.626E-13  0.278E-12  0.528E+18
  0.260E+11  0.626E-13  0.278E-12  0.528E+18
  0.413E+11  0.626E-13  0.278E-12  0.528E+18
  0.654E+11  0.626E-13  0.278E-12  0.528E+18
  0.104E+12  0.626E-13  0.277E-12  0.528E+18
  0.164E+12  0.626E-13  0.275E-12  0.528E+18
  0.260E+12  0.625E-13  0.270E-12  0.528E+18
  0.413E+12  0.625E-13  0.258E-12  0.528E+18
  0.654E+12  0.622E-13  0.232E-12  0.528E+18
  0.104E+13  0.617E-13  0.182E-12  0.528E+18
  0.164E+13  0.604E-13  0.109E-12  0.528E+18
  0.260E+13  0.572E-13  0.469E-13  0.528E+18
  0.411E+13  0.500E-13  0.156E-13  0.528E+18
  0.649E+13  0.358E-13  0.485E-14  0.528E+18
  0.102E+14  0.159E-13  0.152E-14  0.528E+18
  0.161E+14  0.245E-14  0.492E-15  0.528E+18
  0.252E+14  0.225E-15  0.161E-15  0.528E+18
  0.393E+14  0.594E-16  0.536E-16  0.528E+18
  0.606E+14  0.190E-16  0.183E-16  0.528E+18
  0.921E+14  0.647E-17  0.636E-17  0.528E+18
  0.137E+15  0.235E-17  0.233E-17  0.528E+18
  0.198E+15  0.928E-18  0.925E-18  0.528E+18
  0.227E+15  0.664E-18  0.663E-18  0.528E+18
  0.335E+15  0.249E-18  0.249E-18  0.528E+18
  0.558E+15  0.696E-19  0.696E-19  0.528E+18
  0.815E+15  0.268E-19  0.268E-19  0.528E+18
  0.921E+15  0.201E-19  0.201E-19  0.528E+18
  0.137E+16  0.736E-20  0.736E-20  0.528E+18
  0.198E+16  0.293E-20  0.293E-20  0.528E+18
  0.227E+16  0.210E-20  0.210E-20  0.528E+18
  0.335E+16  0.775E-21  0.775E-21  0.528E+18
  0.372E+16  0.601E-21  0.601E-21  0.528E+18
  0.558E+16  0.228E-21  0.228E-21  0.528E+18
  0.815E+16  0.880E-22  0.880E-22  0.528E+18
  0.921E+16  0.649E-22  0.649E-22  0.528E+18
  0.137E+17  0.241E-22  0.241E-22  0.528E+18
  0.198E+17  0.960E-23  0.960E-23  0.528E+18
  0.227E+17  0.680E-23  0.680E-23  0.528E+18
  0.335E+17  0.257E-23  0.257E-23  0.528E+18
  0.372E+17  0.197E-23  0.197E-23  0.528E+18
  0.558E+17  0.716E-24  0.716E-24  0.528E+18
  0.815E+17  0.278E-24  0.278E-24  0.528E+18
