 DENS, T, fainum_exp
  0.100E+11  0.250E+04  0.568E+14
 lAMBDA, n, np
  0.913E+03  0.100E+01  0.250E+02

  0.000E+00  0.730E-14  0.959E-13  0.202E+19
  0.899E+11  0.730E-14  0.959E-13  0.202E+19
  0.143E+12  0.730E-14  0.959E-13  0.202E+19
  0.226E+12  0.730E-14  0.958E-13  0.202E+19
  0.358E+12  0.730E-14  0.955E-13  0.202E+19
  0.567E+12  0.730E-14  0.947E-13  0.202E+19
  0.899E+12  0.730E-14  0.929E-13  0.202E+19
  0.143E+13  0.730E-14  0.885E-13  0.202E+19
  0.226E+13  0.730E-14  0.780E-13  0.202E+19
  0.358E+13  0.729E-14  0.573E-13  0.202E+19
  0.567E+13  0.726E-14  0.297E-13  0.202E+19
  0.899E+13  0.720E-14  0.105E-13  0.202E+19
  0.142E+14  0.706E-14  0.316E-14  0.202E+19
  0.226E+14  0.670E-14  0.943E-15  0.202E+19
  0.358E+14  0.589E-14  0.288E-15  0.202E+19
  0.567E+14  0.426E-14  0.891E-16  0.202E+19
  0.898E+14  0.189E-14  0.268E-16  0.202E+19
  0.142E+15  0.255E-15  0.843E-17  0.202E+19
  0.225E+15  0.517E-17  0.267E-17  0.202E+19
  0.356E+15  0.945E-18  0.845E-18  0.202E+19
  0.563E+15  0.280E-18  0.269E-18  0.202E+19
  0.889E+15  0.871E-19  0.857E-19  0.202E+19
  0.140E+16  0.277E-19  0.275E-19  0.202E+19
  0.223E+16  0.863E-20  0.860E-20  0.202E+19
  0.350E+16  0.281E-20  0.281E-20  0.202E+19
  0.558E+16  0.868E-21  0.868E-21  0.202E+19
  0.877E+16  0.281E-21  0.281E-21  0.202E+19
  0.140E+17  0.874E-22  0.874E-22  0.202E+19
  0.223E+17  0.273E-22  0.273E-22  0.202E+19
  0.350E+17  0.880E-23  0.880E-23  0.202E+19
  0.558E+17  0.275E-23  0.275E-23  0.202E+19
  0.877E+17  0.888E-24  0.888E-24  0.202E+19
