 DENS, T, fainum_exp
  0.100E+11  0.250E+04  0.568E+14
 lAMBDA, n, np
  0.913E+03  0.100E+01  0.250E+02
 32
  0.000E+00  0.000E+00  0.791E-11  0.104E-09
  0.231E-04  0.830E+08  0.791E-11  0.104E-09
  0.366E-04  0.132E+09  0.791E-11  0.104E-09
  0.580E-04  0.209E+09  0.791E-11  0.104E-09
  0.920E-04  0.331E+09  0.791E-11  0.103E-09
  0.146E-03  0.524E+09  0.791E-11  0.103E-09
  0.231E-03  0.830E+09  0.791E-11  0.101E-09
  0.366E-03  0.132E+10  0.791E-11  0.958E-10
  0.580E-03  0.209E+10  0.790E-11  0.844E-10
  0.920E-03  0.331E+10  0.789E-11  0.620E-10
  0.146E-02  0.524E+10  0.787E-11  0.322E-10
  0.231E-02  0.830E+10  0.780E-11  0.114E-10
  0.366E-02  0.132E+11  0.764E-11  0.342E-11
  0.580E-02  0.209E+11  0.726E-11  0.102E-11
  0.919E-02  0.330E+11  0.638E-11  0.312E-12
  0.146E-01  0.524E+11  0.461E-11  0.965E-13
  0.231E-01  0.829E+11  0.205E-11  0.290E-13
  0.365E-01  0.131E+12  0.276E-12  0.913E-14
  0.578E-01  0.208E+12  0.560E-14  0.289E-14
  0.915E-01  0.329E+12  0.102E-14  0.915E-15
  0.145E+00  0.520E+12  0.303E-15  0.291E-15
  0.228E+00  0.821E+12  0.943E-16  0.928E-16
  0.359E+00  0.129E+13  0.300E-16  0.298E-16
  0.572E+00  0.206E+13  0.934E-17  0.932E-17
  0.899E+00  0.324E+13  0.304E-17  0.304E-17
  0.143E+01  0.516E+13  0.940E-18  0.940E-18
  0.225E+01  0.810E+13  0.304E-18  0.304E-18
  0.358E+01  0.129E+14  0.946E-19  0.946E-19
  0.569E+01  0.206E+14  0.296E-19  0.296E-19
  0.891E+01  0.324E+14  0.954E-20  0.954E-20
  0.141E+02  0.516E+14  0.297E-20  0.297E-20
  0.220E+02  0.810E+14  0.962E-21  0.962E-21
