 DENS, T, fainum_exp
  0.100E+11  0.250E+04  0.887E+14
 lAMBDA, n, np
  0.366E+04  0.200E+01  0.290E+02

  0.000E+00  0.255E-13  0.675E-13  0.316E+19
  0.352E+11  0.255E-13  0.675E-13  0.316E+19
  0.558E+11  0.255E-13  0.675E-13  0.316E+19
  0.885E+11  0.255E-13  0.674E-13  0.316E+19
  0.140E+12  0.255E-13  0.674E-13  0.316E+19
  0.222E+12  0.255E-13  0.674E-13  0.316E+19
  0.352E+12  0.255E-13  0.673E-13  0.316E+19
  0.558E+12  0.255E-13  0.671E-13  0.316E+19
  0.885E+12  0.255E-13  0.665E-13  0.316E+19
  0.140E+13  0.254E-13  0.651E-13  0.316E+19
  0.222E+13  0.253E-13  0.616E-13  0.316E+19
  0.352E+13  0.249E-13  0.532E-13  0.316E+19
  0.558E+13  0.238E-13  0.368E-13  0.316E+19
  0.885E+13  0.215E-13  0.172E-13  0.316E+19
  0.140E+14  0.166E-13  0.566E-14  0.316E+19
  0.222E+14  0.879E-14  0.166E-14  0.316E+19
  0.352E+14  0.206E-14  0.491E-15  0.316E+19
  0.558E+14  0.229E-15  0.149E-15  0.316E+19
  0.883E+14  0.503E-16  0.444E-16  0.316E+19
  0.140E+15  0.144E-16  0.138E-16  0.316E+19
  0.221E+15  0.444E-17  0.437E-17  0.316E+19
  0.349E+15  0.140E-17  0.139E-17  0.316E+19
  0.551E+15  0.444E-18  0.443E-18  0.316E+19
  0.866E+15  0.143E-18  0.143E-18  0.316E+19
  0.136E+16  0.464E-19  0.463E-19  0.316E+19
  0.211E+16  0.153E-19  0.153E-19  0.316E+19
  0.325E+16  0.518E-20  0.518E-20  0.316E+19
  0.492E+16  0.182E-20  0.182E-20  0.316E+19
  0.728E+16  0.674E-21  0.674E-21  0.316E+19
  0.105E+17  0.271E-21  0.271E-21  0.316E+19
  0.121E+17  0.190E-21  0.190E-21  0.316E+19
  0.178E+17  0.771E-22  0.771E-22  0.316E+19
  0.199E+17  0.575E-22  0.575E-22  0.316E+19
  0.252E+17  0.314E-22  0.314E-22  0.316E+19
  0.297E+17  0.207E-22  0.207E-22  0.316E+19
  0.432E+17  0.815E-23  0.815E-23  0.316E+19
  0.492E+17  0.590E-23  0.590E-23  0.316E+19
  0.604E+17  0.352E-23  0.352E-23  0.316E+19
  0.728E+17  0.221E-23  0.221E-23  0.316E+19
  0.105E+18  0.894E-24  0.894E-24  0.316E+19
  0.121E+18  0.620E-24  0.620E-24  0.316E+19
  0.144E+18  0.400E-24  0.400E-24  0.316E+19
  0.178E+18  0.238E-24  0.238E-24  0.316E+19
  0.252E+18  0.992E-25  0.992E-25  0.316E+19
