 DENS, T, fainum_exp
  0.100E+11  0.250E+04  0.887E+14
 lAMBDA, n, np
  0.366E+04  0.200E+01  0.290E+02
 44
  0.000E+00  0.000E+00  0.277E-10  0.731E-10
  0.146E-03  0.325E+08  0.277E-10  0.731E-10
  0.231E-03  0.516E+08  0.277E-10  0.730E-10
  0.366E-03  0.817E+08  0.277E-10  0.730E-10
  0.580E-03  0.130E+09  0.277E-10  0.730E-10
  0.920E-03  0.205E+09  0.277E-10  0.730E-10
  0.146E-02  0.325E+09  0.277E-10  0.729E-10
  0.231E-02  0.516E+09  0.276E-10  0.726E-10
  0.366E-02  0.817E+09  0.276E-10  0.720E-10
  0.580E-02  0.130E+10  0.275E-10  0.705E-10
  0.920E-02  0.205E+10  0.274E-10  0.667E-10
  0.146E-01  0.325E+10  0.269E-10  0.576E-10
  0.231E-01  0.516E+10  0.258E-10  0.398E-10
  0.366E-01  0.817E+10  0.233E-10  0.186E-10
  0.580E-01  0.129E+11  0.180E-10  0.613E-11
  0.919E-01  0.205E+11  0.952E-11  0.179E-11
  0.146E+00  0.325E+11  0.223E-11  0.532E-12
  0.231E+00  0.515E+11  0.248E-12  0.161E-12
  0.365E+00  0.815E+11  0.545E-13  0.481E-13
  0.578E+00  0.129E+12  0.156E-13  0.150E-13
  0.914E+00  0.204E+12  0.481E-14  0.473E-14
  0.144E+01  0.323E+12  0.151E-14  0.150E-14
  0.228E+01  0.509E+12  0.481E-15  0.480E-15
  0.358E+01  0.800E+12  0.155E-15  0.154E-15
  0.560E+01  0.125E+13  0.502E-16  0.502E-16
  0.870E+01  0.195E+13  0.166E-16  0.166E-16
  0.134E+02  0.300E+13  0.561E-17  0.561E-17
  0.202E+02  0.454E+13  0.197E-17  0.197E-17
  0.299E+02  0.672E+13  0.730E-18  0.730E-18
  0.427E+02  0.966E+13  0.293E-18  0.293E-18
  0.494E+02  0.112E+14  0.206E-18  0.206E-18
  0.721E+02  0.164E+14  0.835E-19  0.835E-19
  0.805E+02  0.184E+14  0.622E-19  0.622E-19
  0.101E+03  0.233E+14  0.340E-19  0.340E-19
  0.119E+03  0.275E+14  0.224E-19  0.224E-19
  0.170E+03  0.399E+14  0.883E-20  0.883E-20
  0.193E+03  0.454E+14  0.639E-20  0.639E-20
  0.234E+03  0.558E+14  0.381E-20  0.381E-20
  0.278E+03  0.672E+14  0.239E-20  0.239E-20
  0.387E+03  0.966E+14  0.968E-21  0.968E-21
  0.441E+03  0.112E+15  0.671E-21  0.671E-21
  0.513E+03  0.133E+15  0.433E-21  0.433E-21
  0.612E+03  0.164E+15  0.257E-21  0.257E-21
  0.812E+03  0.233E+15  0.107E-21  0.107E-21
