 DENS, T, fainum_exp
  0.100E+11  0.250E+04  0.290E+14
 lAMBDA, n, np
  0.839E+04  0.300E+01  0.200E+02
 51
  0.000E+00  0.000E+00  0.622E-10  0.177E-09
  0.580E-04  0.247E+07  0.622E-10  0.177E-09
  0.920E-04  0.391E+07  0.622E-10  0.177E-09
  0.146E-03  0.620E+07  0.622E-10  0.177E-09
  0.231E-03  0.983E+07  0.622E-10  0.177E-09
  0.366E-03  0.156E+08  0.622E-10  0.177E-09
  0.580E-03  0.247E+08  0.622E-10  0.177E-09
  0.920E-03  0.391E+08  0.622E-10  0.177E-09
  0.146E-02  0.620E+08  0.622E-10  0.177E-09
  0.231E-02  0.983E+08  0.622E-10  0.177E-09
  0.366E-02  0.156E+09  0.622E-10  0.177E-09
  0.580E-02  0.247E+09  0.622E-10  0.175E-09
  0.920E-02  0.391E+09  0.621E-10  0.173E-09
  0.146E-01  0.620E+09  0.619E-10  0.166E-09
  0.231E-01  0.982E+09  0.614E-10  0.151E-09
  0.366E-01  0.156E+10  0.602E-10  0.120E-09
  0.580E-01  0.247E+10  0.572E-10  0.745E-10
  0.919E-01  0.391E+10  0.505E-10  0.325E-10
  0.145E+00  0.619E+10  0.370E-10  0.108E-10
  0.230E+00  0.980E+10  0.174E-10  0.330E-11
  0.364E+00  0.155E+11  0.336E-11  0.102E-11
  0.576E+00  0.245E+11  0.434E-12  0.321E-12
  0.910E+00  0.387E+11  0.112E-12  0.102E-12
  0.143E+01  0.609E+11  0.333E-13  0.321E-13
  0.225E+01  0.956E+11  0.104E-13  0.103E-13
  0.351E+01  0.149E+12  0.337E-14  0.335E-14
  0.542E+01  0.231E+12  0.112E-14  0.112E-14
  0.828E+01  0.353E+12  0.386E-15  0.386E-15
  0.124E+02  0.528E+12  0.139E-15  0.139E-15
  0.181E+02  0.770E+12  0.537E-16  0.537E-16
  0.204E+02  0.871E+12  0.400E-16  0.400E-16
  0.303E+02  0.129E+13  0.147E-16  0.147E-16
  0.437E+02  0.187E+13  0.586E-17  0.586E-17
  0.502E+02  0.215E+13  0.419E-17  0.419E-17
  0.737E+02  0.316E+13  0.155E-17  0.155E-17
  0.821E+02  0.353E+13  0.120E-17  0.120E-17
  0.105E+03  0.451E+13  0.673E-18  0.673E-18
  0.122E+03  0.528E+13  0.455E-18  0.455E-18
  0.177E+03  0.770E+13  0.176E-18  0.176E-18
  0.200E+03  0.871E+13  0.129E-18  0.129E-18
  0.247E+03  0.108E+14  0.750E-19  0.750E-19
  0.294E+03  0.129E+14  0.481E-19  0.481E-19
  0.417E+03  0.187E+14  0.192E-19  0.192E-19
  0.476E+03  0.215E+14  0.136E-19  0.136E-19
  0.683E+03  0.316E+14  0.515E-20  0.515E-20
  0.754E+03  0.353E+14  0.393E-20  0.393E-20
  0.942E+03  0.451E+14  0.212E-20  0.212E-20
  0.108E+04  0.528E+14  0.143E-20  0.143E-20
  0.124E+04  0.617E+14  0.971E-21  0.971E-21
  0.149E+04  0.770E+14  0.557E-21  0.557E-21
  0.195E+04  0.108E+15  0.237E-21  0.237E-21
