 DENS, T, fainum_exp
  0.100E+11  0.250E+04  0.290E+14
 lAMBDA, n, np
  0.839E+04  0.300E+01  0.200E+02

  0.000E+00  0.574E-13  0.164E-12  0.103E+19
  0.267E+10  0.574E-13  0.164E-12  0.103E+19
  0.424E+10  0.574E-13  0.164E-12  0.103E+19
  0.671E+10  0.574E-13  0.164E-12  0.103E+19
  0.106E+11  0.574E-13  0.164E-12  0.103E+19
  0.169E+11  0.574E-13  0.164E-12  0.103E+19
  0.267E+11  0.574E-13  0.164E-12  0.103E+19
  0.424E+11  0.574E-13  0.164E-12  0.103E+19
  0.671E+11  0.574E-13  0.163E-12  0.103E+19
  0.106E+12  0.574E-13  0.163E-12  0.103E+19
  0.169E+12  0.574E-13  0.163E-12  0.103E+19
  0.267E+12  0.574E-13  0.162E-12  0.103E+19
  0.424E+12  0.573E-13  0.159E-12  0.103E+19
  0.671E+12  0.571E-13  0.153E-12  0.103E+19
  0.106E+13  0.567E-13  0.139E-12  0.103E+19
  0.169E+13  0.556E-13  0.111E-12  0.103E+19
  0.267E+13  0.528E-13  0.688E-13  0.103E+19
  0.423E+13  0.466E-13  0.300E-13  0.103E+19
  0.670E+13  0.342E-13  0.999E-14  0.103E+19
  0.106E+14  0.161E-13  0.305E-14  0.103E+19
  0.168E+14  0.310E-14  0.940E-15  0.103E+19
  0.265E+14  0.400E-15  0.296E-15  0.103E+19
  0.419E+14  0.103E-15  0.940E-16  0.103E+19
  0.660E+14  0.308E-16  0.297E-16  0.103E+19
  0.104E+15  0.961E-17  0.948E-17  0.103E+19
  0.162E+15  0.311E-17  0.310E-17  0.103E+19
  0.250E+15  0.104E-17  0.103E-17  0.103E+19
  0.382E+15  0.356E-18  0.356E-18  0.103E+19
  0.572E+15  0.128E-18  0.128E-18  0.103E+19
  0.834E+15  0.496E-19  0.495E-19  0.103E+19
  0.943E+15  0.370E-19  0.370E-19  0.103E+19
  0.140E+16  0.136E-19  0.136E-19  0.103E+19
  0.202E+16  0.542E-20  0.542E-20  0.103E+19
  0.233E+16  0.387E-20  0.387E-20  0.103E+19
  0.343E+16  0.143E-20  0.143E-20  0.103E+19
  0.382E+16  0.111E-20  0.111E-20  0.103E+19
  0.489E+16  0.621E-21  0.621E-21  0.103E+19
  0.572E+16  0.420E-21  0.420E-21  0.103E+19
  0.834E+16  0.163E-21  0.163E-21  0.103E+19
  0.943E+16  0.120E-21  0.120E-21  0.103E+19
  0.117E+17  0.692E-22  0.692E-22  0.103E+19
  0.140E+17  0.444E-22  0.444E-22  0.103E+19
  0.202E+17  0.178E-22  0.178E-22  0.103E+19
  0.233E+17  0.125E-22  0.125E-22  0.103E+19
  0.343E+17  0.475E-23  0.475E-23  0.103E+19
  0.382E+17  0.363E-23  0.363E-23  0.103E+19
  0.489E+17  0.196E-23  0.196E-23  0.103E+19
  0.572E+17  0.132E-23  0.132E-23  0.103E+19
  0.668E+17  0.897E-24  0.897E-24  0.103E+19
  0.834E+17  0.514E-24  0.514E-24  0.103E+19
  0.117E+18  0.219E-24  0.219E-24  0.103E+19
