 DENS, T, fainum_exp
  0.100E+11  0.250E+04  0.502E+14
 lAMBDA, n, np
  0.834E+04  0.300E+01  0.240E+02
 48
  0.000E+00  0.000E+00  0.559E-10  0.115E-09
  0.920E-04  0.397E+07  0.559E-10  0.115E-09
  0.146E-03  0.629E+07  0.559E-10  0.115E-09
  0.231E-03  0.996E+07  0.559E-10  0.115E-09
  0.366E-03  0.158E+08  0.559E-10  0.115E-09
  0.580E-03  0.250E+08  0.559E-10  0.115E-09
  0.920E-03  0.397E+08  0.559E-10  0.115E-09
  0.146E-02  0.629E+08  0.559E-10  0.115E-09
  0.231E-02  0.996E+08  0.559E-10  0.114E-09
  0.366E-02  0.158E+09  0.559E-10  0.114E-09
  0.580E-02  0.250E+09  0.559E-10  0.114E-09
  0.920E-02  0.397E+09  0.558E-10  0.113E-09
  0.146E-01  0.629E+09  0.557E-10  0.112E-09
  0.231E-01  0.996E+09  0.553E-10  0.107E-09
  0.366E-01  0.158E+10  0.543E-10  0.974E-10
  0.580E-01  0.250E+10  0.520E-10  0.766E-10
  0.919E-01  0.397E+10  0.466E-10  0.458E-10
  0.146E+00  0.628E+10  0.355E-10  0.191E-10
  0.231E+00  0.995E+10  0.186E-10  0.613E-11
  0.365E+00  0.158E+11  0.466E-11  0.184E-11
  0.578E+00  0.249E+11  0.757E-12  0.560E-12
  0.915E+00  0.395E+11  0.191E-12  0.174E-12
  0.145E+01  0.624E+11  0.557E-13  0.537E-13
  0.228E+01  0.984E+11  0.169E-13  0.166E-13
  0.359E+01  0.155E+12  0.536E-14  0.533E-14
  0.562E+01  0.242E+12  0.173E-14  0.173E-14
  0.874E+01  0.377E+12  0.570E-15  0.569E-15
  0.135E+02  0.582E+12  0.192E-15  0.192E-15
  0.204E+02  0.883E+12  0.671E-16  0.670E-16
  0.303E+02  0.131E+13  0.247E-16  0.247E-16
  0.436E+02  0.189E+13  0.984E-17  0.984E-17
  0.501E+02  0.218E+13  0.701E-17  0.701E-17
  0.736E+02  0.320E+13  0.260E-17  0.260E-17
  0.820E+02  0.357E+13  0.201E-17  0.201E-17
  0.105E+03  0.457E+13  0.113E-17  0.113E-17
  0.122E+03  0.535E+13  0.762E-18  0.762E-18
  0.177E+03  0.780E+13  0.295E-18  0.295E-18
  0.200E+03  0.883E+13  0.217E-18  0.217E-18
  0.247E+03  0.110E+14  0.126E-18  0.126E-18
  0.293E+03  0.131E+14  0.806E-19  0.806E-19
  0.417E+03  0.189E+14  0.323E-19  0.323E-19
  0.476E+03  0.218E+14  0.227E-19  0.227E-19
  0.682E+03  0.320E+14  0.863E-20  0.863E-20
  0.753E+03  0.357E+14  0.658E-20  0.658E-20
  0.939E+03  0.457E+14  0.356E-20  0.356E-20
  0.108E+04  0.535E+14  0.240E-20  0.240E-20
  0.123E+04  0.624E+14  0.163E-20  0.163E-20
  0.149E+04  0.780E+14  0.934E-21  0.934E-21
