 DENS, T, fainum_exp
  0.100E+11  0.250E+04  0.502E+14
 lAMBDA, n, np
  0.834E+04  0.300E+01  0.240E+02

  0.000E+00  0.516E-13  0.106E-12  0.179E+19
  0.430E+10  0.516E-13  0.106E-12  0.179E+19
  0.681E+10  0.516E-13  0.106E-12  0.179E+19
  0.108E+11  0.516E-13  0.106E-12  0.179E+19
  0.171E+11  0.516E-13  0.106E-12  0.179E+19
  0.271E+11  0.516E-13  0.106E-12  0.179E+19
  0.430E+11  0.516E-13  0.106E-12  0.179E+19
  0.681E+11  0.516E-13  0.106E-12  0.179E+19
  0.108E+12  0.516E-13  0.106E-12  0.179E+19
  0.171E+12  0.516E-13  0.106E-12  0.179E+19
  0.271E+12  0.516E-13  0.105E-12  0.179E+19
  0.430E+12  0.515E-13  0.105E-12  0.179E+19
  0.681E+12  0.514E-13  0.103E-12  0.179E+19
  0.108E+13  0.510E-13  0.992E-13  0.179E+19
  0.171E+13  0.501E-13  0.899E-13  0.179E+19
  0.271E+13  0.480E-13  0.708E-13  0.179E+19
  0.429E+13  0.430E-13  0.423E-13  0.179E+19
  0.680E+13  0.328E-13  0.176E-13  0.179E+19
  0.108E+14  0.171E-13  0.566E-14  0.179E+19
  0.171E+14  0.430E-14  0.170E-14  0.179E+19
  0.270E+14  0.699E-15  0.517E-15  0.179E+19
  0.427E+14  0.176E-15  0.160E-15  0.179E+19
  0.675E+14  0.514E-16  0.496E-16  0.179E+19
  0.107E+15  0.156E-16  0.154E-16  0.179E+19
  0.168E+15  0.495E-17  0.492E-17  0.179E+19
  0.263E+15  0.160E-17  0.159E-17  0.179E+19
  0.409E+15  0.526E-18  0.526E-18  0.179E+19
  0.630E+15  0.177E-18  0.177E-18  0.179E+19
  0.956E+15  0.619E-19  0.619E-19  0.179E+19
  0.142E+16  0.228E-19  0.228E-19  0.179E+19
  0.205E+16  0.908E-20  0.908E-20  0.179E+19
  0.236E+16  0.647E-20  0.647E-20  0.179E+19
  0.347E+16  0.240E-20  0.240E-20  0.179E+19
  0.387E+16  0.185E-20  0.185E-20  0.179E+19
  0.494E+16  0.104E-20  0.104E-20  0.179E+19
  0.579E+16  0.704E-21  0.704E-21  0.179E+19
  0.845E+16  0.273E-21  0.273E-21  0.179E+19
  0.956E+16  0.200E-21  0.200E-21  0.179E+19
  0.119E+17  0.116E-21  0.116E-21  0.179E+19
  0.142E+17  0.744E-22  0.744E-22  0.179E+19
  0.205E+17  0.298E-22  0.298E-22  0.179E+19
  0.236E+17  0.210E-22  0.210E-22  0.179E+19
  0.347E+17  0.797E-23  0.797E-23  0.179E+19
  0.387E+17  0.608E-23  0.608E-23  0.179E+19
  0.494E+17  0.329E-23  0.329E-23  0.179E+19
  0.579E+17  0.221E-23  0.221E-23  0.179E+19
  0.676E+17  0.151E-23  0.151E-23  0.179E+19
  0.845E+17  0.863E-24  0.863E-24  0.179E+19
