 DENS, T, fainum_exp
  0.100E+11  0.250E+04  0.442E+14
 lAMBDA, n, np
  0.367E+04  0.200E+01  0.230E+02
 47
  0.000E+00  0.000E+00  0.298E-10  0.127E-09
  0.920E-04  0.204E+08  0.298E-10  0.127E-09
  0.146E-03  0.324E+08  0.298E-10  0.127E-09
  0.231E-03  0.513E+08  0.298E-10  0.127E-09
  0.366E-03  0.813E+08  0.298E-10  0.127E-09
  0.580E-03  0.129E+09  0.298E-10  0.127E-09
  0.920E-03  0.204E+09  0.298E-10  0.126E-09
  0.146E-02  0.324E+09  0.298E-10  0.126E-09
  0.231E-02  0.513E+09  0.298E-10  0.124E-09
  0.366E-02  0.813E+09  0.298E-10  0.121E-09
  0.580E-02  0.129E+10  0.297E-10  0.112E-09
  0.920E-02  0.204E+10  0.295E-10  0.932E-10
  0.146E-01  0.323E+10  0.289E-10  0.608E-10
  0.231E-01  0.513E+10  0.276E-10  0.272E-10
  0.366E-01  0.812E+10  0.246E-10  0.892E-11
  0.580E-01  0.129E+11  0.184E-10  0.268E-11
  0.919E-01  0.204E+11  0.902E-11  0.814E-12
  0.145E+00  0.323E+11  0.168E-11  0.252E-12
  0.230E+00  0.511E+11  0.124E-12  0.789E-13
  0.364E+00  0.809E+11  0.272E-13  0.240E-13
  0.576E+00  0.128E+12  0.791E-14  0.759E-14
  0.909E+00  0.202E+12  0.246E-14  0.242E-14
  0.143E+01  0.318E+12  0.780E-15  0.775E-15
  0.224E+01  0.498E+12  0.251E-15  0.251E-15
  0.350E+01  0.777E+12  0.824E-16  0.823E-16
  0.540E+01  0.120E+13  0.276E-16  0.276E-16
  0.822E+01  0.183E+13  0.956E-17  0.956E-17
  0.123E+02  0.273E+13  0.347E-17  0.347E-17
  0.178E+02  0.397E+13  0.135E-17  0.135E-17
  0.202E+02  0.452E+13  0.994E-18  0.994E-18
  0.299E+02  0.669E+13  0.368E-18  0.368E-18
  0.428E+02  0.961E+13  0.148E-18  0.148E-18
  0.494E+02  0.111E+14  0.104E-18  0.104E-18
  0.721E+02  0.163E+14  0.421E-19  0.421E-19
  0.806E+02  0.183E+14  0.314E-19  0.314E-19
  0.101E+03  0.232E+14  0.171E-19  0.171E-19
  0.119E+03  0.273E+14  0.113E-19  0.113E-19
  0.170E+03  0.397E+14  0.445E-20  0.445E-20
  0.193E+03  0.452E+14  0.322E-20  0.322E-20
  0.234E+03  0.556E+14  0.192E-20  0.192E-20
  0.279E+03  0.669E+14  0.121E-20  0.121E-20
  0.387E+03  0.961E+14  0.488E-21  0.488E-21
  0.441E+03  0.111E+15  0.339E-21  0.339E-21
  0.514E+03  0.133E+15  0.218E-21  0.218E-21
  0.613E+03  0.163E+15  0.130E-21  0.130E-21
  0.813E+03  0.232E+15  0.541E-22  0.541E-22
  0.102E+04  0.315E+15  0.251E-22  0.251E-22
