 DENS, T, fainum_exp
  0.100E+11  0.250E+04  0.442E+14
 lAMBDA, n, np
  0.367E+04  0.200E+01  0.230E+02

  0.000E+00  0.275E-13  0.117E-12  0.157E+19
  0.221E+11  0.275E-13  0.117E-12  0.157E+19
  0.350E+11  0.275E-13  0.117E-12  0.157E+19
  0.555E+11  0.275E-13  0.117E-12  0.157E+19
  0.880E+11  0.275E-13  0.117E-12  0.157E+19
  0.139E+12  0.275E-13  0.117E-12  0.157E+19
  0.221E+12  0.275E-13  0.117E-12  0.157E+19
  0.350E+12  0.275E-13  0.116E-12  0.157E+19
  0.555E+12  0.275E-13  0.115E-12  0.157E+19
  0.880E+12  0.275E-13  0.111E-12  0.157E+19
  0.139E+13  0.274E-13  0.104E-12  0.157E+19
  0.221E+13  0.272E-13  0.860E-13  0.157E+19
  0.350E+13  0.267E-13  0.562E-13  0.157E+19
  0.555E+13  0.255E-13  0.251E-13  0.157E+19
  0.880E+13  0.227E-13  0.824E-14  0.157E+19
  0.139E+14  0.170E-13  0.247E-14  0.157E+19
  0.221E+14  0.833E-14  0.751E-15  0.157E+19
  0.350E+14  0.155E-14  0.233E-15  0.157E+19
  0.554E+14  0.114E-15  0.728E-16  0.157E+19
  0.876E+14  0.251E-16  0.222E-16  0.157E+19
  0.138E+15  0.730E-17  0.701E-17  0.157E+19
  0.219E+15  0.227E-17  0.223E-17  0.157E+19
  0.344E+15  0.720E-18  0.715E-18  0.157E+19
  0.540E+15  0.232E-18  0.232E-18  0.157E+19
  0.841E+15  0.761E-19  0.760E-19  0.157E+19
  0.130E+16  0.255E-19  0.255E-19  0.157E+19
  0.198E+16  0.883E-20  0.883E-20  0.157E+19
  0.296E+16  0.321E-20  0.321E-20  0.157E+19
  0.430E+16  0.125E-20  0.125E-20  0.157E+19
  0.489E+16  0.918E-21  0.917E-21  0.157E+19
  0.725E+16  0.340E-21  0.340E-21  0.157E+19
  0.104E+17  0.137E-21  0.137E-21  0.157E+19
  0.120E+17  0.959E-22  0.959E-22  0.157E+19
  0.177E+17  0.389E-22  0.389E-22  0.157E+19
  0.198E+17  0.290E-22  0.290E-22  0.157E+19
  0.251E+17  0.158E-22  0.158E-22  0.157E+19
  0.296E+17  0.105E-22  0.105E-22  0.157E+19
  0.430E+17  0.411E-23  0.411E-23  0.157E+19
  0.489E+17  0.298E-23  0.298E-23  0.157E+19
  0.602E+17  0.177E-23  0.177E-23  0.157E+19
  0.725E+17  0.111E-23  0.111E-23  0.157E+19
  0.104E+18  0.451E-24  0.451E-24  0.157E+19
  0.120E+18  0.313E-24  0.313E-24  0.157E+19
  0.144E+18  0.201E-24  0.201E-24  0.157E+19
  0.177E+18  0.120E-24  0.120E-24  0.157E+19
  0.251E+18  0.500E-25  0.500E-25  0.157E+19
  0.341E+18  0.232E-25  0.232E-25  0.157E+19
