 DENS, T, fainum_exp
  0.100E+11  0.250E+04  0.122E+14
 lAMBDA, n, np
  0.855E+04  0.300E+01  0.150E+02
 56
  0.000E+00  0.000E+00  0.691E-10  0.351E-09
  0.231E-04  0.948E+06  0.691E-10  0.351E-09
  0.366E-04  0.150E+07  0.691E-10  0.351E-09
  0.580E-04  0.238E+07  0.691E-10  0.351E-09
  0.920E-04  0.377E+07  0.691E-10  0.351E-09
  0.146E-03  0.598E+07  0.691E-10  0.351E-09
  0.231E-03  0.948E+07  0.691E-10  0.351E-09
  0.366E-03  0.150E+08  0.691E-10  0.351E-09
  0.580E-03  0.238E+08  0.691E-10  0.351E-09
  0.920E-03  0.377E+08  0.691E-10  0.351E-09
  0.146E-02  0.598E+08  0.691E-10  0.350E-09
  0.231E-02  0.948E+08  0.691E-10  0.349E-09
  0.366E-02  0.150E+09  0.691E-10  0.346E-09
  0.580E-02  0.238E+09  0.690E-10  0.337E-09
  0.919E-02  0.377E+09  0.690E-10  0.318E-09
  0.146E-01  0.598E+09  0.687E-10  0.277E-09
  0.231E-01  0.947E+09  0.681E-10  0.202E-09
  0.365E-01  0.150E+10  0.667E-10  0.110E-09
  0.578E-01  0.237E+10  0.631E-10  0.430E-10
  0.915E-01  0.375E+10  0.551E-10  0.138E-10
  0.145E+00  0.593E+10  0.393E-10  0.428E-11
  0.228E+00  0.936E+10  0.172E-10  0.136E-11
  0.359E+00  0.147E+11  0.253E-11  0.438E-12
  0.562E+00  0.231E+11  0.203E-12  0.144E-12
  0.876E+00  0.359E+11  0.537E-13  0.485E-13
  0.135E+01  0.554E+11  0.173E-13  0.167E-13
  0.205E+01  0.842E+11  0.596E-14  0.586E-14
  0.305E+01  0.125E+12  0.215E-14  0.213E-14
  0.441E+01  0.181E+12  0.846E-15  0.843E-15
  0.506E+01  0.208E+12  0.607E-15  0.605E-15
  0.746E+01  0.306E+12  0.227E-15  0.227E-15
  0.106E+02  0.437E+12  0.930E-16  0.930E-16
  0.124E+02  0.511E+12  0.635E-16  0.635E-16
  0.181E+02  0.746E+12  0.244E-16  0.244E-16
  0.255E+02  0.105E+13  0.104E-16  0.104E-16
  0.304E+02  0.125E+13  0.672E-17  0.672E-17
  0.439E+02  0.181E+13  0.267E-17  0.267E-17
  0.503E+02  0.208E+13  0.192E-17  0.192E-17
  0.740E+02  0.306E+13  0.707E-18  0.707E-18
  0.822E+02  0.341E+13  0.549E-18  0.549E-18
  0.105E+03  0.437E+13  0.306E-18  0.306E-18
  0.123E+03  0.511E+13  0.208E-18  0.208E-18
  0.178E+03  0.746E+13  0.802E-19  0.802E-19
  0.200E+03  0.842E+13  0.593E-19  0.593E-19
  0.249E+03  0.105E+14  0.340E-19  0.340E-19
  0.295E+03  0.125E+14  0.220E-19  0.220E-19
  0.419E+03  0.181E+14  0.875E-20  0.875E-20
  0.478E+03  0.208E+14  0.621E-20  0.621E-20
  0.572E+03  0.252E+14  0.384E-20  0.384E-20
  0.687E+03  0.306E+14  0.235E-20  0.235E-20
  0.757E+03  0.341E+14  0.180E-20  0.180E-20
  0.948E+03  0.437E+14  0.965E-21  0.965E-21
  0.109E+04  0.511E+14  0.654E-21  0.654E-21
  0.125E+04  0.599E+14  0.439E-21  0.439E-21
  0.150E+04  0.746E+14  0.254E-21  0.254E-21
  0.197E+04  0.105E+15  0.108E-21  0.108E-21
