 DENS, T, fainum_exp
  0.100E+11  0.250E+04  0.122E+14
 lAMBDA, n, np
  0.855E+04  0.300E+01  0.150E+02

  0.000E+00  0.638E-13  0.324E-12  0.435E+18
  0.103E+10  0.638E-13  0.324E-12  0.435E+18
  0.163E+10  0.638E-13  0.324E-12  0.435E+18
  0.258E+10  0.638E-13  0.324E-12  0.435E+18
  0.409E+10  0.638E-13  0.324E-12  0.435E+18
  0.648E+10  0.638E-13  0.324E-12  0.435E+18
  0.103E+11  0.638E-13  0.324E-12  0.435E+18
  0.163E+11  0.638E-13  0.324E-12  0.435E+18
  0.258E+11  0.638E-13  0.324E-12  0.435E+18
  0.409E+11  0.638E-13  0.324E-12  0.435E+18
  0.648E+11  0.638E-13  0.323E-12  0.435E+18
  0.103E+12  0.638E-13  0.322E-12  0.435E+18
  0.163E+12  0.638E-13  0.319E-12  0.435E+18
  0.258E+12  0.638E-13  0.311E-12  0.435E+18
  0.408E+12  0.637E-13  0.294E-12  0.435E+18
  0.647E+12  0.634E-13  0.255E-12  0.435E+18
  0.103E+13  0.629E-13  0.187E-12  0.435E+18
  0.162E+13  0.615E-13  0.102E-12  0.435E+18
  0.257E+13  0.583E-13  0.397E-13  0.435E+18
  0.407E+13  0.509E-13  0.127E-13  0.435E+18
  0.643E+13  0.363E-13  0.395E-14  0.435E+18
  0.101E+14  0.159E-13  0.125E-14  0.435E+18
  0.160E+14  0.233E-14  0.405E-15  0.435E+18
  0.250E+14  0.187E-15  0.133E-15  0.435E+18
  0.389E+14  0.496E-16  0.448E-16  0.435E+18
  0.600E+14  0.160E-16  0.154E-16  0.435E+18
  0.912E+14  0.550E-17  0.541E-17  0.435E+18
  0.136E+15  0.199E-17  0.197E-17  0.435E+18
  0.196E+15  0.781E-18  0.778E-18  0.435E+18
  0.225E+15  0.560E-18  0.559E-18  0.435E+18
  0.332E+15  0.210E-18  0.209E-18  0.435E+18
  0.474E+15  0.859E-19  0.858E-19  0.435E+18
  0.553E+15  0.587E-19  0.587E-19  0.435E+18
  0.808E+15  0.226E-19  0.226E-19  0.435E+18
  0.114E+16  0.961E-20  0.961E-20  0.435E+18
  0.136E+16  0.621E-20  0.621E-20  0.435E+18
  0.196E+16  0.246E-20  0.246E-20  0.435E+18
  0.225E+16  0.177E-20  0.177E-20  0.435E+18
  0.332E+16  0.653E-21  0.653E-21  0.435E+18
  0.369E+16  0.507E-21  0.507E-21  0.435E+18
  0.474E+16  0.282E-21  0.282E-21  0.435E+18
  0.553E+16  0.192E-21  0.192E-21  0.435E+18
  0.808E+16  0.741E-22  0.741E-22  0.435E+18
  0.912E+16  0.547E-22  0.547E-22  0.435E+18
  0.114E+17  0.314E-22  0.314E-22  0.435E+18
  0.136E+17  0.203E-22  0.203E-22  0.435E+18
  0.196E+17  0.808E-23  0.808E-23  0.435E+18
  0.225E+17  0.573E-23  0.573E-23  0.435E+18
  0.272E+17  0.355E-23  0.355E-23  0.435E+18
  0.332E+17  0.217E-23  0.217E-23  0.435E+18
  0.369E+17  0.166E-23  0.166E-23  0.435E+18
  0.474E+17  0.891E-24  0.891E-24  0.435E+18
  0.553E+17  0.604E-24  0.604E-24  0.435E+18
  0.648E+17  0.406E-24  0.406E-24  0.435E+18
  0.808E+17  0.234E-24  0.234E-24  0.435E+18
  0.114E+18  0.993E-25  0.993E-25  0.435E+18
