 DENS, T, fainum_exp
  0.100E+11  0.250E+04  0.798E+14
 lAMBDA, n, np
  0.913E+03  0.100E+01  0.280E+02

  0.000E+00  0.726E-14  0.733E-13  0.284E+19
  0.143E+12  0.726E-14  0.733E-13  0.284E+19
  0.226E+12  0.726E-14  0.733E-13  0.284E+19
  0.358E+12  0.726E-14  0.731E-13  0.284E+19
  0.568E+12  0.726E-14  0.728E-13  0.284E+19
  0.900E+12  0.726E-14  0.721E-13  0.284E+19
  0.143E+13  0.726E-14  0.702E-13  0.284E+19
  0.226E+13  0.726E-14  0.655E-13  0.284E+19
  0.358E+13  0.725E-14  0.547E-13  0.284E+19
  0.568E+13  0.722E-14  0.353E-13  0.284E+19
  0.900E+13  0.716E-14  0.152E-13  0.284E+19
  0.143E+14  0.702E-14  0.478E-14  0.284E+19
  0.226E+14  0.667E-14  0.140E-14  0.284E+19
  0.358E+14  0.586E-14  0.417E-15  0.284E+19
  0.568E+14  0.425E-14  0.127E-15  0.284E+19
  0.899E+14  0.190E-14  0.380E-16  0.284E+19
  0.142E+15  0.263E-15  0.118E-16  0.284E+19
  0.226E+15  0.674E-17  0.373E-17  0.284E+19
  0.357E+15  0.132E-17  0.118E-17  0.284E+19
  0.566E+15  0.389E-18  0.374E-18  0.284E+19
  0.895E+15  0.121E-18  0.119E-18  0.284E+19
  0.141E+16  0.380E-19  0.378E-19  0.284E+19
  0.223E+16  0.121E-19  0.121E-19  0.284E+19
  0.351E+16  0.394E-20  0.394E-20  0.284E+19
  0.559E+16  0.122E-20  0.122E-20  0.284E+19
  0.878E+16  0.394E-21  0.394E-21  0.284E+19
  0.140E+17  0.123E-21  0.123E-21  0.284E+19
  0.223E+17  0.383E-22  0.383E-22  0.284E+19
  0.351E+17  0.124E-22  0.124E-22  0.284E+19
  0.559E+17  0.385E-23  0.385E-23  0.284E+19
  0.878E+17  0.125E-23  0.125E-23  0.284E+19
