 DENS, T, fainum_exp
  0.100E+11  0.250E+04  0.798E+14
 lAMBDA, n, np
  0.913E+03  0.100E+01  0.280E+02
 31
  0.000E+00  0.000E+00  0.786E-11  0.794E-10
  0.366E-04  0.132E+09  0.786E-11  0.794E-10
  0.580E-04  0.209E+09  0.786E-11  0.793E-10
  0.920E-04  0.331E+09  0.786E-11  0.792E-10
  0.146E-03  0.524E+09  0.786E-11  0.789E-10
  0.231E-03  0.831E+09  0.786E-11  0.781E-10
  0.366E-03  0.132E+10  0.786E-11  0.760E-10
  0.580E-03  0.209E+10  0.786E-11  0.709E-10
  0.920E-03  0.331E+10  0.785E-11  0.592E-10
  0.146E-02  0.524E+10  0.782E-11  0.382E-10
  0.231E-02  0.831E+10  0.776E-11  0.164E-10
  0.366E-02  0.132E+11  0.760E-11  0.517E-11
  0.580E-02  0.209E+11  0.722E-11  0.151E-11
  0.919E-02  0.331E+11  0.635E-11  0.452E-12
  0.146E-01  0.524E+11  0.460E-11  0.138E-12
  0.231E-01  0.830E+11  0.206E-11  0.412E-13
  0.366E-01  0.132E+12  0.285E-12  0.128E-13
  0.579E-01  0.208E+12  0.730E-14  0.404E-14
  0.918E-01  0.330E+12  0.143E-14  0.128E-14
  0.145E+00  0.522E+12  0.422E-15  0.405E-15
  0.230E+00  0.826E+12  0.131E-15  0.128E-15
  0.363E+00  0.131E+13  0.412E-16  0.409E-16
  0.572E+00  0.206E+13  0.131E-16  0.131E-16
  0.899E+00  0.324E+13  0.427E-17  0.426E-17
  0.143E+01  0.516E+13  0.132E-17  0.132E-17
  0.225E+01  0.810E+13  0.427E-18  0.427E-18
  0.358E+01  0.129E+14  0.133E-18  0.133E-18
  0.569E+01  0.206E+14  0.415E-19  0.415E-19
  0.891E+01  0.324E+14  0.134E-19  0.134E-19
  0.141E+02  0.516E+14  0.417E-20  0.417E-20
  0.220E+02  0.810E+14  0.135E-20  0.135E-20
