 DENS, T, fainum_exp
  0.100E+11  0.250E+04  0.989E+13
 lAMBDA, n, np
  0.916E+03  0.100E+01  0.140E+02

  0.000E+00  0.741E-14  0.382E-12  0.353E+18
  0.142E+11  0.741E-14  0.382E-12  0.353E+18
  0.224E+11  0.741E-14  0.382E-12  0.353E+18
  0.355E+11  0.741E-14  0.382E-12  0.353E+18
  0.563E+11  0.741E-14  0.381E-12  0.353E+18
  0.893E+11  0.741E-14  0.380E-12  0.353E+18
  0.142E+12  0.741E-14  0.376E-12  0.353E+18
  0.224E+12  0.741E-14  0.367E-12  0.353E+18
  0.355E+12  0.741E-14  0.347E-12  0.353E+18
  0.563E+12  0.741E-14  0.303E-12  0.353E+18
  0.893E+12  0.741E-14  0.222E-12  0.353E+18
  0.141E+13  0.741E-14  0.119E-12  0.353E+18
  0.224E+13  0.741E-14  0.447E-13  0.353E+18
  0.355E+13  0.740E-14  0.141E-13  0.353E+18
  0.563E+13  0.737E-14  0.432E-14  0.353E+18
  0.892E+13  0.731E-14  0.136E-14  0.353E+18
  0.141E+14  0.716E-14  0.437E-15  0.353E+18
  0.224E+14  0.680E-14  0.140E-15  0.353E+18
  0.354E+14  0.597E-14  0.458E-16  0.353E+18
  0.559E+14  0.433E-14  0.149E-16  0.353E+18
  0.883E+14  0.194E-14  0.486E-17  0.353E+18
  0.139E+15  0.257E-15  0.155E-17  0.353E+18
  0.218E+15  0.222E-17  0.500E-18  0.353E+18
  0.348E+15  0.176E-18  0.155E-18  0.353E+18
  0.545E+15  0.528E-19  0.506E-19  0.353E+18
  0.871E+15  0.159E-19  0.157E-19  0.353E+18
  0.139E+16  0.491E-20  0.488E-20  0.353E+18
  0.218E+16  0.158E-20  0.158E-20  0.353E+18
  0.348E+16  0.498E-21  0.497E-21  0.353E+18
  0.545E+16  0.161E-21  0.161E-21  0.353E+18
  0.871E+16  0.498E-22  0.498E-22  0.353E+18
  0.139E+17  0.155E-22  0.155E-22  0.353E+18
  0.218E+17  0.503E-23  0.503E-23  0.353E+18
  0.348E+17  0.156E-23  0.156E-23  0.353E+18
  0.545E+17  0.509E-24  0.509E-24  0.353E+18
  0.871E+17  0.158E-24  0.158E-24  0.353E+18
