 DENS, T, fainum_exp
  0.100E+11  0.250E+04  0.989E+13
 lAMBDA, n, np
  0.916E+03  0.100E+01  0.140E+02
 36
  0.000E+00  0.000E+00  0.802E-11  0.414E-09
  0.366E-05  0.131E+08  0.802E-11  0.414E-09
  0.580E-05  0.207E+08  0.802E-11  0.413E-09
  0.920E-05  0.328E+08  0.802E-11  0.413E-09
  0.146E-04  0.520E+08  0.802E-11  0.413E-09
  0.231E-04  0.824E+08  0.802E-11  0.411E-09
  0.366E-04  0.131E+09  0.802E-11  0.407E-09
  0.580E-04  0.207E+09  0.802E-11  0.398E-09
  0.920E-04  0.328E+09  0.802E-11  0.376E-09
  0.146E-03  0.520E+09  0.802E-11  0.328E-09
  0.231E-03  0.824E+09  0.802E-11  0.240E-09
  0.366E-03  0.131E+10  0.802E-11  0.129E-09
  0.580E-03  0.207E+10  0.802E-11  0.484E-10
  0.919E-03  0.328E+10  0.801E-11  0.152E-10
  0.146E-02  0.520E+10  0.798E-11  0.468E-11
  0.231E-02  0.824E+10  0.792E-11  0.147E-11
  0.365E-02  0.130E+11  0.775E-11  0.474E-12
  0.578E-02  0.206E+11  0.736E-11  0.151E-12
  0.915E-02  0.327E+11  0.647E-11  0.496E-13
  0.145E-01  0.516E+11  0.468E-11  0.162E-13
  0.228E-01  0.815E+11  0.210E-11  0.526E-14
  0.359E-01  0.128E+12  0.279E-12  0.167E-14
  0.564E-01  0.201E+12  0.240E-14  0.542E-15
  0.900E-01  0.321E+12  0.191E-15  0.168E-15
  0.141E+00  0.503E+12  0.572E-16  0.548E-16
  0.225E+00  0.804E+12  0.172E-16  0.170E-16
  0.359E+00  0.128E+13  0.532E-17  0.528E-17
  0.563E+00  0.201E+13  0.172E-17  0.171E-17
  0.899E+00  0.321E+13  0.539E-18  0.538E-18
  0.141E+01  0.503E+13  0.174E-18  0.174E-18
  0.225E+01  0.804E+13  0.539E-19  0.539E-19
  0.358E+01  0.128E+14  0.168E-19  0.168E-19
  0.560E+01  0.201E+14  0.545E-20  0.545E-20
  0.891E+01  0.321E+14  0.169E-20  0.169E-20
  0.139E+02  0.503E+14  0.551E-21  0.551E-21
  0.220E+02  0.804E+14  0.171E-21  0.171E-21
