 DENS, T, fainum_exp
  0.300E+14  0.243E+05  0.624E+14
 lAMBDA, n, np
  0.656E+04  0.200E+01  0.300E+01

  0.000E+00  0.355E-11  0.592E-10  0.741E+15
  0.110E+08  0.355E-11  0.592E-10  0.741E+15
  0.174E+08  0.355E-11  0.592E-10  0.741E+15
  0.276E+08  0.355E-11  0.592E-10  0.741E+15
  0.437E+08  0.355E-11  0.592E-10  0.741E+15
  0.693E+08  0.355E-11  0.592E-10  0.741E+15
  0.110E+09  0.355E-11  0.592E-10  0.741E+15
  0.174E+09  0.355E-11  0.591E-10  0.741E+15
  0.276E+09  0.355E-11  0.591E-10  0.741E+15
  0.436E+09  0.355E-11  0.589E-10  0.741E+15
  0.691E+09  0.355E-11  0.584E-10  0.741E+15
  0.109E+10  0.355E-11  0.570E-10  0.741E+15
  0.173E+10  0.355E-11  0.540E-10  0.741E+15
  0.273E+10  0.355E-11  0.477E-10  0.741E+15
  0.429E+10  0.355E-11  0.371E-10  0.741E+15
  0.672E+10  0.355E-11  0.241E-10  0.741E+15
  0.105E+11  0.354E-11  0.130E-10  0.741E+15
  0.162E+11  0.351E-11  0.619E-11  0.741E+15
  0.246E+11  0.346E-11  0.274E-11  0.741E+15
  0.367E+11  0.335E-11  0.118E-11  0.741E+15
  0.532E+11  0.313E-11  0.519E-12  0.741E+15
  0.608E+11  0.302E-11  0.389E-12  0.741E+15
  0.898E+11  0.248E-11  0.157E-12  0.741E+15
  0.125E+12  0.175E-11  0.720E-13  0.741E+15
  0.150E+12  0.133E-11  0.476E-13  0.741E+15
  0.608E+12  0.534E-14  0.157E-14  0.741E+15
  0.856E+12  0.856E-15  0.676E-15  0.741E+15
  0.125E+13  0.284E-15  0.269E-15  0.741E+15
  0.150E+13  0.182E-15  0.176E-15  0.741E+15
  0.608E+13  0.607E-17  0.606E-17  0.741E+15
  0.856E+13  0.263E-17  0.263E-17  0.741E+15
  0.125E+14  0.105E-17  0.105E-17  0.741E+15
  0.150E+14  0.692E-18  0.692E-18  0.741E+15
  0.608E+14  0.228E-19  0.228E-19  0.741E+15
  0.856E+14  0.956E-20  0.956E-20  0.741E+15
  0.125E+15  0.361E-20  0.361E-20  0.741E+15
  0.150E+15  0.232E-20  0.232E-20  0.741E+15
  0.608E+15  0.811E-22  0.811E-22  0.741E+15
  0.856E+15  0.344E-22  0.344E-22  0.741E+15
  0.125E+16  0.134E-22  0.134E-22  0.741E+15
  0.150E+16  0.857E-23  0.857E-23  0.741E+15
  0.532E+16  0.359E-24  0.359E-24  0.741E+15
  0.608E+16  0.257E-24  0.257E-24  0.741E+15
  0.856E+16  0.109E-24  0.109E-24  0.741E+15
  0.125E+17  0.422E-25  0.422E-25  0.741E+15
  0.150E+17  0.271E-25  0.271E-25  0.741E+15
  0.288E+17  0.525E-26  0.525E-26  0.741E+15
  0.532E+17  0.113E-26  0.113E-26  0.741E+15
  0.660E+17  0.661E-27  0.661E-27  0.741E+15
  0.743E+17  0.493E-27  0.493E-27  0.741E+15
  0.856E+17  0.346E-27  0.346E-27  0.741E+15
  0.125E+18  0.134E-27  0.134E-27  0.741E+15
  0.150E+18  0.844E-28  0.844E-28  0.741E+15
  0.172E+18  0.601E-28  0.601E-28  0.741E+15
