 DENS, T, fainum_exp
  0.300E+14  0.243E+05  0.624E+14
 lAMBDA, n, np
  0.656E+04  0.200E+01  0.300E+01
 54
  0.000E+00  0.000E+00  0.185E-10  0.308E-09
  0.303E-04  0.211E+07  0.185E-10  0.308E-09
  0.480E-04  0.334E+07  0.185E-10  0.308E-09
  0.762E-04  0.530E+07  0.185E-10  0.308E-09
  0.121E-03  0.840E+07  0.185E-10  0.308E-09
  0.191E-03  0.133E+08  0.185E-10  0.308E-09
  0.303E-03  0.211E+08  0.185E-10  0.308E-09
  0.480E-03  0.334E+08  0.185E-10  0.308E-09
  0.762E-03  0.530E+08  0.185E-10  0.308E-09
  0.120E-02  0.838E+08  0.185E-10  0.307E-09
  0.191E-02  0.133E+09  0.185E-10  0.304E-09
  0.302E-02  0.210E+09  0.185E-10  0.297E-09
  0.477E-02  0.332E+09  0.185E-10  0.281E-09
  0.752E-02  0.523E+09  0.185E-10  0.248E-09
  0.118E-01  0.824E+09  0.185E-10  0.193E-09
  0.186E-01  0.129E+10  0.185E-10  0.125E-09
  0.289E-01  0.201E+10  0.184E-10  0.679E-10
  0.447E-01  0.311E+10  0.183E-10  0.322E-10
  0.680E-01  0.473E+10  0.180E-10  0.142E-10
  0.101E+00  0.705E+10  0.174E-10  0.614E-11
  0.147E+00  0.102E+11  0.163E-10  0.270E-11
  0.168E+00  0.117E+11  0.157E-10  0.202E-11
  0.248E+00  0.173E+11  0.129E-10  0.818E-12
  0.346E+00  0.241E+11  0.912E-11  0.375E-12
  0.413E+00  0.287E+11  0.691E-11  0.248E-12
  0.168E+01  0.117E+12  0.278E-13  0.819E-14
  0.236E+01  0.164E+12  0.446E-14  0.352E-14
  0.346E+01  0.241E+12  0.148E-14  0.140E-14
  0.413E+01  0.287E+12  0.947E-15  0.919E-15
  0.167E+02  0.117E+13  0.316E-16  0.315E-16
  0.235E+02  0.164E+13  0.137E-16  0.137E-16
  0.344E+02  0.241E+13  0.548E-17  0.548E-17
  0.410E+02  0.287E+13  0.360E-17  0.360E-17
  0.164E+03  0.117E+14  0.119E-18  0.119E-18
  0.228E+03  0.164E+14  0.498E-19  0.498E-19
  0.328E+03  0.241E+14  0.188E-19  0.188E-19
  0.389E+03  0.287E+14  0.121E-19  0.121E-19
  0.134E+04  0.117E+15  0.422E-21  0.422E-21
  0.174E+04  0.164E+15  0.179E-21  0.179E-21
  0.226E+04  0.241E+15  0.695E-22  0.695E-22
  0.253E+04  0.287E+15  0.446E-22  0.446E-22
  0.454E+04  0.102E+16  0.187E-23  0.187E-23
  0.472E+04  0.117E+16  0.134E-23  0.134E-23
  0.514E+04  0.164E+16  0.569E-24  0.569E-24
  0.552E+04  0.241E+16  0.220E-24  0.220E-24
  0.566E+04  0.287E+16  0.141E-24  0.141E-24
  0.606E+04  0.554E+16  0.273E-25  0.273E-25
  0.628E+04  0.102E+17  0.591E-26  0.591E-26
  0.634E+04  0.127E+17  0.344E-26  0.344E-26
  0.636E+04  0.143E+17  0.257E-26  0.257E-26
  0.639E+04  0.164E+17  0.180E-26  0.180E-26
  0.644E+04  0.241E+17  0.695E-27  0.695E-27
  0.646E+04  0.289E+17  0.440E-27  0.440E-27
  0.648E+04  0.331E+17  0.313E-27  0.313E-27
