 DENS, T, fainum_exp
  0.100E+11  0.250E+04  0.887E+14
 lAMBDA, n, np
  0.829E+04  0.300E+01  0.290E+02
 46
  0.000E+00  0.000E+00  0.474E-10  0.731E-10
  0.146E-03  0.635E+07  0.474E-10  0.731E-10
  0.231E-03  0.101E+08  0.474E-10  0.731E-10
  0.366E-03  0.160E+08  0.474E-10  0.731E-10
  0.580E-03  0.253E+08  0.474E-10  0.731E-10
  0.920E-03  0.401E+08  0.474E-10  0.731E-10
  0.146E-02  0.635E+08  0.474E-10  0.731E-10
  0.231E-02  0.101E+09  0.474E-10  0.730E-10
  0.366E-02  0.160E+09  0.474E-10  0.730E-10
  0.580E-02  0.253E+09  0.474E-10  0.730E-10
  0.920E-02  0.401E+09  0.474E-10  0.728E-10
  0.146E-01  0.635E+09  0.472E-10  0.724E-10
  0.231E-01  0.101E+10  0.470E-10  0.714E-10
  0.366E-01  0.160E+10  0.463E-10  0.688E-10
  0.580E-01  0.253E+10  0.448E-10  0.625E-10
  0.919E-01  0.401E+10  0.411E-10  0.490E-10
  0.146E+00  0.635E+10  0.333E-10  0.285E-10
  0.231E+00  0.101E+11  0.201E-10  0.114E-10
  0.366E+00  0.159E+11  0.684E-11  0.353E-11
  0.579E+00  0.252E+11  0.140E-11  0.104E-11
  0.917E+00  0.400E+11  0.342E-12  0.311E-12
  0.145E+01  0.633E+11  0.972E-13  0.938E-13
  0.230E+01  0.100E+12  0.290E-13  0.286E-13
  0.362E+01  0.158E+12  0.904E-14  0.900E-14
  0.571E+01  0.249E+12  0.287E-14  0.287E-14
  0.897E+01  0.391E+12  0.924E-15  0.924E-15
  0.140E+02  0.612E+12  0.301E-15  0.301E-15
  0.217E+02  0.949E+12  0.999E-16  0.999E-16
  0.333E+02  0.146E+13  0.341E-16  0.341E-16
  0.501E+02  0.220E+13  0.121E-16  0.121E-16
  0.736E+02  0.323E+13  0.449E-17  0.449E-17
  0.820E+02  0.361E+13  0.346E-17  0.346E-17
  0.104E+03  0.461E+13  0.195E-17  0.195E-17
  0.122E+03  0.540E+13  0.132E-17  0.132E-17
  0.177E+03  0.787E+13  0.510E-18  0.510E-18
  0.200E+03  0.891E+13  0.374E-18  0.374E-18
  0.246E+03  0.111E+14  0.218E-18  0.218E-18
  0.293E+03  0.132E+14  0.139E-18  0.139E-18
  0.416E+03  0.191E+14  0.558E-19  0.558E-19
  0.475E+03  0.220E+14  0.392E-19  0.392E-19
  0.681E+03  0.323E+14  0.149E-19  0.149E-19
  0.753E+03  0.361E+14  0.114E-19  0.114E-19
  0.938E+03  0.461E+14  0.616E-20  0.616E-20
  0.108E+04  0.540E+14  0.414E-20  0.414E-20
  0.123E+04  0.629E+14  0.283E-20  0.283E-20
  0.148E+04  0.787E+14  0.161E-20  0.161E-20
