 DENS, T, fainum_exp
  0.100E+11  0.250E+04  0.887E+14
 lAMBDA, n, np
  0.829E+04  0.300E+01  0.290E+02

  0.000E+00  0.438E-13  0.675E-13  0.316E+19
  0.688E+10  0.438E-13  0.675E-13  0.316E+19
  0.109E+11  0.438E-13  0.675E-13  0.316E+19
  0.173E+11  0.438E-13  0.675E-13  0.316E+19
  0.274E+11  0.438E-13  0.675E-13  0.316E+19
  0.434E+11  0.438E-13  0.675E-13  0.316E+19
  0.688E+11  0.438E-13  0.675E-13  0.316E+19
  0.109E+12  0.438E-13  0.674E-13  0.316E+19
  0.173E+12  0.438E-13  0.674E-13  0.316E+19
  0.274E+12  0.438E-13  0.674E-13  0.316E+19
  0.434E+12  0.437E-13  0.672E-13  0.316E+19
  0.688E+12  0.436E-13  0.668E-13  0.316E+19
  0.109E+13  0.434E-13  0.659E-13  0.316E+19
  0.173E+13  0.428E-13  0.636E-13  0.316E+19
  0.274E+13  0.414E-13  0.577E-13  0.316E+19
  0.434E+13  0.380E-13  0.452E-13  0.316E+19
  0.687E+13  0.307E-13  0.263E-13  0.316E+19
  0.109E+14  0.185E-13  0.105E-13  0.316E+19
  0.173E+14  0.631E-14  0.326E-14  0.316E+19
  0.273E+14  0.129E-14  0.958E-15  0.316E+19
  0.433E+14  0.316E-15  0.287E-15  0.316E+19
  0.685E+14  0.898E-16  0.866E-16  0.316E+19
  0.108E+15  0.267E-16  0.264E-16  0.316E+19
  0.171E+15  0.835E-17  0.831E-17  0.316E+19
  0.270E+15  0.265E-17  0.265E-17  0.316E+19
  0.424E+15  0.854E-18  0.853E-18  0.316E+19
  0.663E+15  0.278E-18  0.278E-18  0.316E+19
  0.103E+16  0.923E-19  0.922E-19  0.316E+19
  0.158E+16  0.314E-19  0.314E-19  0.316E+19
  0.238E+16  0.112E-19  0.112E-19  0.316E+19
  0.350E+16  0.415E-20  0.415E-20  0.316E+19
  0.391E+16  0.319E-20  0.319E-20  0.316E+19
  0.499E+16  0.180E-20  0.180E-20  0.316E+19
  0.585E+16  0.122E-20  0.122E-20  0.316E+19
  0.852E+16  0.471E-21  0.471E-21  0.316E+19
  0.965E+16  0.346E-21  0.346E-21  0.316E+19
  0.120E+17  0.201E-21  0.201E-21  0.316E+19
  0.143E+17  0.128E-21  0.128E-21  0.316E+19
  0.207E+17  0.515E-22  0.515E-22  0.316E+19
  0.238E+17  0.362E-22  0.362E-22  0.316E+19
  0.350E+17  0.138E-22  0.138E-22  0.316E+19
  0.391E+17  0.105E-22  0.105E-22  0.316E+19
  0.499E+17  0.569E-23  0.569E-23  0.316E+19
  0.585E+17  0.382E-23  0.382E-23  0.316E+19
  0.681E+17  0.261E-23  0.261E-23  0.316E+19
  0.852E+17  0.149E-23  0.149E-23  0.316E+19
