 DENS, T, fainum_exp
  0.100E+11  0.250E+04  0.354E+11
 lAMBDA, n, np
  0.188E+05  0.300E+01  0.400E+01

  0.000E+00  0.152E-12  0.948E-10  0.126E+16
  0.535E+08  0.152E-12  0.947E-10  0.126E+16
  0.849E+08  0.152E-12  0.946E-10  0.126E+16
  0.135E+09  0.152E-12  0.945E-10  0.126E+16
  0.213E+09  0.152E-12  0.943E-10  0.126E+16
  0.338E+09  0.152E-12  0.938E-10  0.126E+16
  0.532E+09  0.152E-12  0.924E-10  0.126E+16
  0.840E+09  0.152E-12  0.890E-10  0.126E+16
  0.132E+10  0.152E-12  0.821E-10  0.126E+16
  0.208E+10  0.152E-12  0.687E-10  0.126E+16
  0.324E+10  0.152E-12  0.493E-10  0.126E+16
  0.502E+10  0.152E-12  0.296E-10  0.126E+16
  0.768E+10  0.152E-12  0.153E-10  0.126E+16
  0.115E+11  0.152E-12  0.746E-11  0.126E+16
  0.168E+11  0.152E-12  0.362E-11  0.126E+16
  0.190E+11  0.152E-12  0.289E-11  0.126E+16
  0.238E+11  0.152E-12  0.185E-11  0.126E+16
  0.283E+11  0.152E-12  0.131E-11  0.126E+16
  0.409E+11  0.152E-12  0.624E-12  0.126E+16
  0.468E+11  0.152E-12  0.477E-12  0.126E+16
  0.649E+11  0.152E-12  0.243E-12  0.126E+16
  0.955E+11  0.152E-12  0.109E-12  0.126E+16
  0.114E+12  0.152E-12  0.746E-13  0.126E+16
  0.468E+12  0.150E-12  0.343E-14  0.126E+16
  0.649E+12  0.147E-12  0.163E-14  0.126E+16
  0.955E+12  0.142E-12  0.673E-15  0.126E+16
  0.114E+13  0.138E-12  0.445E-15  0.126E+16
  0.468E+13  0.283E-13  0.154E-16  0.126E+16
  0.649E+13  0.292E-14  0.687E-17  0.126E+16
  0.955E+13  0.995E-17  0.269E-17  0.126E+16
  0.114E+14  0.332E-17  0.175E-17  0.126E+16
  0.409E+14  0.812E-19  0.798E-19  0.126E+16
  0.468E+14  0.590E-19  0.583E-19  0.126E+16
  0.649E+14  0.265E-19  0.263E-19  0.126E+16
  0.955E+14  0.105E-19  0.104E-19  0.126E+16
  0.114E+15  0.681E-20  0.680E-20  0.126E+16
  0.409E+15  0.317E-21  0.317E-21  0.126E+16
  0.468E+15  0.231E-21  0.231E-21  0.126E+16
  0.691E+15  0.894E-22  0.894E-22  0.126E+16
  0.955E+15  0.407E-22  0.407E-22  0.126E+16
  0.115E+16  0.259E-22  0.259E-22  0.126E+16
  0.168E+16  0.108E-22  0.108E-22  0.126E+16
  0.190E+16  0.802E-23  0.802E-23  0.126E+16
