 DENS, T, fainum_exp
  0.100E+11  0.250E+04  0.354E+11
 lAMBDA, n, np
  0.188E+05  0.300E+01  0.400E+01
 43
  0.000E+00  0.000E+00  0.165E-09  0.103E-06
  0.580E-05  0.494E+05  0.165E-09  0.103E-06
  0.920E-05  0.784E+05  0.165E-09  0.102E-06
  0.146E-04  0.124E+06  0.165E-09  0.102E-06
  0.231E-04  0.197E+06  0.165E-09  0.102E-06
  0.366E-04  0.312E+06  0.165E-09  0.102E-06
  0.576E-04  0.491E+06  0.165E-09  0.100E-06
  0.910E-04  0.775E+06  0.165E-09  0.964E-07
  0.143E-03  0.122E+07  0.165E-09  0.889E-07
  0.225E-03  0.192E+07  0.165E-09  0.744E-07
  0.351E-03  0.299E+07  0.165E-09  0.534E-07
  0.544E-03  0.464E+07  0.165E-09  0.320E-07
  0.832E-03  0.709E+07  0.165E-09  0.166E-07
  0.125E-02  0.106E+08  0.165E-09  0.808E-08
  0.183E-02  0.156E+08  0.165E-09  0.392E-08
  0.206E-02  0.175E+08  0.165E-09  0.313E-08
  0.258E-02  0.220E+08  0.165E-09  0.200E-08
  0.306E-02  0.261E+08  0.165E-09  0.142E-08
  0.443E-02  0.378E+08  0.165E-09  0.676E-09
  0.507E-02  0.432E+08  0.165E-09  0.516E-09
  0.703E-02  0.599E+08  0.165E-09  0.263E-09
  0.103E-01  0.882E+08  0.165E-09  0.118E-09
  0.124E-01  0.106E+09  0.165E-09  0.808E-10
  0.507E-01  0.432E+09  0.162E-09  0.372E-11
  0.703E-01  0.599E+09  0.160E-09  0.176E-11
  0.103E+00  0.882E+09  0.154E-09  0.729E-12
  0.124E+00  0.106E+10  0.150E-09  0.481E-12
  0.507E+00  0.432E+10  0.306E-10  0.166E-13
  0.703E+00  0.599E+10  0.317E-11  0.744E-14
  0.103E+01  0.882E+10  0.108E-13  0.292E-14
  0.124E+01  0.106E+11  0.359E-14  0.189E-14
  0.443E+01  0.378E+11  0.879E-16  0.865E-16
  0.507E+01  0.432E+11  0.639E-16  0.631E-16
  0.703E+01  0.599E+11  0.287E-16  0.285E-16
  0.103E+02  0.882E+11  0.113E-16  0.113E-16
  0.124E+02  0.106E+12  0.738E-17  0.736E-17
  0.442E+02  0.378E+12  0.343E-18  0.343E-18
  0.506E+02  0.432E+12  0.250E-18  0.250E-18
  0.746E+02  0.638E+12  0.968E-19  0.968E-19
  0.103E+03  0.882E+12  0.441E-19  0.441E-19
  0.124E+03  0.106E+13  0.281E-19  0.281E-19
  0.181E+03  0.156E+13  0.117E-19  0.117E-19
  0.203E+03  0.175E+13  0.869E-20  0.869E-20
