 DENS, T, fainum_exp
  0.100E+11  0.250E+04  0.120E+13
 lAMBDA, n, np
  0.931E+03  0.100E+01  0.700E+01

  0.000E+00  0.754E-14  0.217E-11  0.427E+17
  0.345E+10  0.754E-14  0.217E-11  0.427E+17
  0.546E+10  0.754E-14  0.217E-11  0.427E+17
  0.866E+10  0.754E-14  0.217E-11  0.427E+17
  0.137E+11  0.754E-14  0.216E-11  0.427E+17
  0.217E+11  0.754E-14  0.214E-11  0.427E+17
  0.345E+11  0.754E-14  0.209E-11  0.427E+17
  0.546E+11  0.754E-14  0.199E-11  0.427E+17
  0.865E+11  0.754E-14  0.176E-11  0.427E+17
  0.137E+12  0.754E-14  0.135E-11  0.427E+17
  0.217E+12  0.754E-14  0.804E-12  0.427E+17
  0.344E+12  0.754E-14  0.357E-12  0.427E+17
  0.544E+12  0.754E-14  0.129E-12  0.427E+17
  0.861E+12  0.754E-14  0.427E-13  0.427E+17
  0.136E+13  0.754E-14  0.137E-13  0.427E+17
  0.215E+13  0.753E-14  0.442E-14  0.427E+17
  0.337E+13  0.752E-14  0.139E-14  0.427E+17
  0.528E+13  0.750E-14  0.467E-15  0.427E+17
  0.822E+13  0.745E-14  0.160E-15  0.427E+17
  0.126E+14  0.733E-14  0.566E-16  0.427E+17
  0.192E+14  0.706E-14  0.208E-16  0.427E+17
  0.284E+14  0.652E-14  0.801E-17  0.427E+17
  0.472E+14  0.504E-14  0.238E-17  0.427E+17
  0.822E+14  0.223E-14  0.637E-18  0.427E+17
  0.126E+15  0.361E-15  0.223E-18  0.427E+17
  0.192E+15  0.313E-17  0.804E-19  0.427E+17
  0.314E+15  0.298E-19  0.242E-19  0.427E+17
  0.472E+15  0.908E-20  0.859E-20  0.427E+17
  0.822E+15  0.222E-20  0.218E-20  0.427E+17
  0.126E+16  0.744E-21  0.738E-21  0.427E+17
  0.192E+16  0.260E-21  0.259E-21  0.427E+17
  0.314E+16  0.799E-22  0.798E-22  0.427E+17
  0.472E+16  0.279E-22  0.279E-22  0.427E+17
  0.822E+16  0.698E-23  0.698E-23  0.427E+17
  0.126E+17  0.237E-23  0.237E-23  0.427E+17
  0.192E+17  0.840E-24  0.840E-24  0.427E+17
  0.314E+17  0.245E-24  0.245E-24  0.427E+17
  0.472E+17  0.881E-25  0.881E-25  0.427E+17
  0.822E+17  0.221E-25  0.221E-25  0.427E+17
  0.126E+18  0.751E-26  0.751E-26  0.427E+17
  0.192E+18  0.266E-26  0.266E-26  0.427E+17
  0.314E+18  0.775E-27  0.775E-27  0.427E+17
  0.472E+18  0.279E-27  0.279E-27  0.427E+17
