 DENS, T, fainum_exp
  0.100E+11  0.250E+04  0.120E+13
 lAMBDA, n, np
  0.931E+03  0.100E+01  0.700E+01
 43
  0.000E+00  0.000E+00  0.816E-11  0.235E-08
  0.920E-06  0.318E+07  0.816E-11  0.235E-08
  0.146E-05  0.504E+07  0.816E-11  0.235E-08
  0.231E-05  0.799E+07  0.816E-11  0.235E-08
  0.366E-05  0.127E+08  0.816E-11  0.234E-08
  0.580E-05  0.201E+08  0.816E-11  0.232E-08
  0.919E-05  0.318E+08  0.816E-11  0.227E-08
  0.146E-04  0.504E+08  0.816E-11  0.215E-08
  0.231E-04  0.799E+08  0.816E-11  0.191E-08
  0.366E-04  0.127E+09  0.816E-11  0.146E-08
  0.579E-04  0.201E+09  0.816E-11  0.871E-09
  0.918E-04  0.318E+09  0.816E-11  0.387E-09
  0.145E-03  0.503E+09  0.816E-11  0.140E-09
  0.230E-03  0.795E+09  0.816E-11  0.462E-10
  0.363E-03  0.126E+10  0.816E-11  0.149E-10
  0.573E-03  0.198E+10  0.816E-11  0.479E-11
  0.900E-03  0.312E+10  0.815E-11  0.151E-11
  0.141E-02  0.488E+10  0.813E-11  0.505E-12
  0.219E-02  0.759E+10  0.807E-11  0.174E-12
  0.337E-02  0.117E+11  0.794E-11  0.613E-13
  0.511E-02  0.177E+11  0.764E-11  0.225E-13
  0.758E-02  0.262E+11  0.706E-11  0.868E-14
  0.126E-01  0.436E+11  0.545E-11  0.258E-14
  0.219E-01  0.759E+11  0.241E-11  0.689E-15
  0.337E-01  0.117E+12  0.391E-12  0.241E-15
  0.511E-01  0.177E+12  0.339E-14  0.870E-16
  0.837E-01  0.290E+12  0.322E-16  0.262E-16
  0.126E+00  0.436E+12  0.983E-17  0.930E-17
  0.219E+00  0.759E+12  0.241E-17  0.236E-17
  0.337E+00  0.117E+13  0.806E-18  0.799E-18
  0.511E+00  0.177E+13  0.281E-18  0.280E-18
  0.836E+00  0.290E+13  0.865E-19  0.864E-19
  0.126E+01  0.436E+13  0.302E-19  0.302E-19
  0.219E+01  0.759E+13  0.756E-20  0.756E-20
  0.336E+01  0.117E+14  0.257E-20  0.257E-20
  0.509E+01  0.177E+14  0.909E-21  0.909E-21
  0.829E+01  0.290E+14  0.266E-21  0.266E-21
  0.124E+02  0.436E+14  0.955E-22  0.955E-22
  0.214E+02  0.759E+14  0.239E-22  0.239E-22
  0.326E+02  0.117E+15  0.813E-23  0.813E-23
  0.485E+02  0.177E+15  0.288E-23  0.288E-23
  0.768E+02  0.290E+15  0.840E-24  0.840E-24
  0.111E+03  0.436E+15  0.302E-24  0.302E-24
