 DENS, T, fainum_exp
  0.100E+11  0.250E+04  0.199E+12
 lAMBDA, n, np
  0.973E+03  0.100E+01  0.400E+01

  0.000E+00  0.789E-14  0.131E-10  0.708E+16
  0.316E+09  0.789E-14  0.131E-10  0.708E+16
  0.500E+09  0.789E-14  0.131E-10  0.708E+16
  0.793E+09  0.789E-14  0.131E-10  0.708E+16
  0.126E+10  0.789E-14  0.131E-10  0.708E+16
  0.199E+10  0.789E-14  0.130E-10  0.708E+16
  0.316E+10  0.789E-14  0.129E-10  0.708E+16
  0.500E+10  0.789E-14  0.126E-10  0.708E+16
  0.792E+10  0.789E-14  0.120E-10  0.708E+16
  0.125E+11  0.789E-14  0.106E-10  0.708E+16
  0.199E+11  0.789E-14  0.820E-11  0.708E+16
  0.314E+11  0.789E-14  0.522E-11  0.708E+16
  0.497E+11  0.789E-14  0.270E-11  0.708E+16
  0.784E+11  0.789E-14  0.119E-11  0.708E+16
  0.124E+12  0.789E-14  0.474E-12  0.708E+16
  0.194E+12  0.789E-14  0.179E-12  0.708E+16
  0.302E+12  0.789E-14  0.657E-13  0.708E+16
  0.468E+12  0.789E-14  0.240E-13  0.708E+16
  0.714E+12  0.789E-14  0.888E-14  0.708E+16
  0.107E+13  0.788E-14  0.341E-14  0.708E+16
  0.156E+13  0.788E-14  0.133E-14  0.708E+16
  0.176E+13  0.788E-14  0.995E-15  0.708E+16
  0.262E+13  0.788E-14  0.374E-15  0.708E+16
  0.377E+13  0.786E-14  0.154E-15  0.708E+16
  0.435E+13  0.786E-14  0.110E-15  0.708E+16
  0.641E+13  0.782E-14  0.426E-16  0.708E+16
  0.714E+13  0.781E-14  0.332E-16  0.708E+16
  0.107E+14  0.771E-14  0.124E-16  0.708E+16
  0.156E+14  0.752E-14  0.497E-17  0.708E+16
  0.176E+14  0.742E-14  0.373E-17  0.708E+16
  0.262E+14  0.689E-14  0.143E-17  0.708E+16
  0.378E+14  0.594E-14  0.591E-18  0.708E+16
  0.435E+14  0.543E-14  0.427E-18  0.708E+16
  0.641E+14  0.343E-14  0.168E-18  0.708E+16
  0.714E+14  0.285E-14  0.131E-18  0.708E+16
  0.107E+15  0.658E-15  0.493E-19  0.708E+16
  0.156E+15  0.117E-16  0.198E-19  0.708E+16
  0.176E+15  0.620E-17  0.149E-19  0.708E+16
  0.262E+15  0.834E-20  0.569E-20  0.708E+16
  0.378E+15  0.253E-20  0.233E-20  0.708E+16
  0.435E+15  0.178E-20  0.168E-20  0.708E+16
  0.641E+15  0.665E-21  0.649E-21  0.708E+16
  0.714E+15  0.515E-21  0.504E-21  0.708E+16
  0.107E+16  0.185E-21  0.183E-21  0.708E+16
  0.156E+16  0.713E-22  0.710E-22  0.708E+16
  0.176E+16  0.530E-22  0.528E-22  0.708E+16
  0.262E+16  0.209E-22  0.209E-22  0.708E+16
  0.378E+16  0.805E-23  0.805E-23  0.708E+16
  0.435E+16  0.567E-23  0.567E-23  0.708E+16
  0.641E+16  0.216E-23  0.216E-23  0.708E+16
  0.714E+16  0.164E-23  0.164E-23  0.708E+16
  0.107E+17  0.598E-24  0.598E-24  0.708E+16
  0.156E+17  0.233E-24  0.233E-24  0.708E+16
  0.176E+17  0.171E-24  0.171E-24  0.708E+16
  0.262E+17  0.636E-25  0.636E-25  0.708E+16
  0.378E+17  0.255E-25  0.255E-25  0.708E+16
  0.435E+17  0.179E-25  0.179E-25  0.708E+16
  0.641E+17  0.682E-26  0.682E-26  0.708E+16
  0.714E+17  0.520E-26  0.520E-26  0.708E+16
  0.107E+18  0.189E-26  0.189E-26  0.708E+16
  0.156E+18  0.737E-27  0.737E-27  0.708E+16
  0.176E+18  0.541E-27  0.541E-27  0.708E+16
  0.262E+18  0.201E-27  0.201E-27  0.708E+16
  0.378E+18  0.805E-28  0.805E-28  0.708E+16
