 DENS, T, fainum_exp
  0.100E+11  0.250E+04  0.199E+12
 lAMBDA, n, np
  0.973E+03  0.100E+01  0.400E+01
 64
  0.000E+00  0.000E+00  0.854E-11  0.142E-07
  0.920E-07  0.291E+06  0.854E-11  0.142E-07
  0.146E-06  0.462E+06  0.854E-11  0.142E-07
  0.231E-06  0.732E+06  0.854E-11  0.142E-07
  0.366E-06  0.116E+07  0.854E-11  0.142E-07
  0.580E-06  0.184E+07  0.854E-11  0.141E-07
  0.919E-06  0.291E+07  0.854E-11  0.140E-07
  0.146E-05  0.462E+07  0.854E-11  0.137E-07
  0.231E-05  0.731E+07  0.854E-11  0.130E-07
  0.365E-05  0.116E+08  0.854E-11  0.115E-07
  0.579E-05  0.183E+08  0.854E-11  0.888E-08
  0.916E-05  0.290E+08  0.854E-11  0.566E-08
  0.145E-04  0.459E+08  0.854E-11  0.292E-08
  0.228E-04  0.724E+08  0.854E-11  0.129E-08
  0.360E-04  0.114E+09  0.854E-11  0.513E-09
  0.565E-04  0.179E+09  0.854E-11  0.193E-09
  0.881E-04  0.279E+09  0.854E-11  0.711E-10
  0.136E-03  0.432E+09  0.854E-11  0.260E-10
  0.208E-03  0.659E+09  0.854E-11  0.962E-11
  0.312E-03  0.988E+09  0.854E-11  0.369E-11
  0.454E-03  0.144E+10  0.854E-11  0.145E-11
  0.514E-03  0.163E+10  0.854E-11  0.108E-11
  0.764E-03  0.242E+10  0.853E-11  0.405E-12
  0.110E-02  0.348E+10  0.852E-11  0.166E-12
  0.127E-02  0.402E+10  0.851E-11  0.119E-12
  0.187E-02  0.591E+10  0.847E-11  0.461E-13
  0.208E-02  0.659E+10  0.846E-11  0.359E-13
  0.312E-02  0.988E+10  0.835E-11  0.134E-13
  0.454E-02  0.144E+11  0.814E-11  0.538E-14
  0.514E-02  0.163E+11  0.803E-11  0.404E-14
  0.764E-02  0.242E+11  0.746E-11  0.155E-14
  0.110E-01  0.349E+11  0.643E-11  0.640E-15
  0.127E-01  0.402E+11  0.588E-11  0.462E-15
  0.187E-01  0.591E+11  0.371E-11  0.181E-15
  0.208E-01  0.659E+11  0.309E-11  0.142E-15
  0.312E-01  0.988E+11  0.712E-12  0.534E-16
  0.454E-01  0.144E+12  0.127E-13  0.214E-16
  0.514E-01  0.163E+12  0.671E-14  0.161E-16
  0.764E-01  0.242E+12  0.903E-17  0.616E-17
  0.110E+00  0.349E+12  0.274E-17  0.253E-17
  0.127E+00  0.402E+12  0.193E-17  0.182E-17
  0.187E+00  0.591E+12  0.721E-18  0.703E-18
  0.208E+00  0.659E+12  0.557E-18  0.546E-18
  0.312E+00  0.988E+12  0.201E-18  0.199E-18
  0.454E+00  0.144E+13  0.772E-19  0.768E-19
  0.514E+00  0.163E+13  0.574E-19  0.572E-19
  0.763E+00  0.242E+13  0.226E-19  0.226E-19
  0.110E+01  0.349E+13  0.872E-20  0.872E-20
  0.127E+01  0.402E+13  0.614E-20  0.614E-20
  0.186E+01  0.591E+13  0.233E-20  0.233E-20
  0.208E+01  0.659E+13  0.178E-20  0.178E-20
  0.311E+01  0.988E+13  0.648E-21  0.648E-21
  0.452E+01  0.144E+14  0.253E-21  0.253E-21
  0.511E+01  0.163E+14  0.185E-21  0.185E-21
  0.758E+01  0.242E+14  0.689E-22  0.689E-22
  0.109E+02  0.349E+14  0.276E-22  0.276E-22
  0.125E+02  0.402E+14  0.194E-22  0.194E-22
  0.183E+02  0.591E+14  0.738E-23  0.738E-23
  0.204E+02  0.659E+14  0.563E-23  0.563E-23
  0.302E+02  0.988E+14  0.205E-23  0.205E-23
  0.434E+02  0.144E+15  0.798E-24  0.798E-24
  0.488E+02  0.163E+15  0.586E-24  0.586E-24
  0.708E+02  0.242E+15  0.218E-24  0.218E-24
  0.989E+02  0.349E+15  0.872E-25  0.872E-25
