 DENS, T, fainum_exp
  0.100E+11  0.250E+04  0.989E+13
 lAMBDA, n, np
  0.860E+04  0.300E+01  0.140E+02

  0.000E+00  0.650E-13  0.382E-12  0.353E+18
  0.640E+09  0.650E-13  0.382E-12  0.353E+18
  0.101E+10  0.650E-13  0.382E-12  0.353E+18
  0.161E+10  0.650E-13  0.382E-12  0.353E+18
  0.255E+10  0.650E-13  0.382E-12  0.353E+18
  0.404E+10  0.650E-13  0.382E-12  0.353E+18
  0.640E+10  0.650E-13  0.382E-12  0.353E+18
  0.101E+11  0.650E-13  0.382E-12  0.353E+18
  0.161E+11  0.650E-13  0.382E-12  0.353E+18
  0.255E+11  0.650E-13  0.382E-12  0.353E+18
  0.404E+11  0.650E-13  0.381E-12  0.353E+18
  0.640E+11  0.650E-13  0.381E-12  0.353E+18
  0.101E+12  0.650E-13  0.379E-12  0.353E+18
  0.161E+12  0.650E-13  0.374E-12  0.353E+18
  0.255E+12  0.650E-13  0.362E-12  0.353E+18
  0.403E+12  0.649E-13  0.334E-12  0.353E+18
  0.639E+12  0.647E-13  0.278E-12  0.353E+18
  0.101E+13  0.641E-13  0.187E-12  0.353E+18
  0.160E+13  0.627E-13  0.909E-13  0.353E+18
  0.254E+13  0.594E-13  0.327E-13  0.353E+18
  0.402E+13  0.518E-13  0.103E-13  0.353E+18
  0.635E+13  0.369E-13  0.320E-14  0.353E+18
  0.100E+14  0.160E-13  0.102E-14  0.353E+18
  0.158E+14  0.225E-14  0.332E-15  0.353E+18
  0.247E+14  0.156E-15  0.109E-15  0.353E+18
  0.384E+14  0.411E-16  0.371E-16  0.353E+18
  0.593E+14  0.133E-16  0.128E-16  0.353E+18
  0.901E+14  0.458E-17  0.450E-17  0.353E+18
  0.134E+15  0.166E-17  0.164E-17  0.353E+18
  0.194E+15  0.651E-18  0.649E-18  0.353E+18
  0.222E+15  0.468E-18  0.467E-18  0.353E+18
  0.328E+15  0.175E-18  0.175E-18  0.353E+18
  0.468E+15  0.716E-19  0.715E-19  0.353E+18
  0.547E+15  0.490E-19  0.490E-19  0.353E+18
  0.799E+15  0.188E-19  0.188E-19  0.353E+18
  0.113E+16  0.801E-20  0.800E-20  0.353E+18
  0.134E+16  0.519E-20  0.518E-20  0.353E+18
  0.194E+16  0.205E-20  0.205E-20  0.353E+18
  0.222E+16  0.148E-20  0.148E-20  0.353E+18
  0.328E+16  0.545E-21  0.545E-21  0.353E+18
  0.365E+16  0.424E-21  0.424E-21  0.353E+18
  0.468E+16  0.235E-21  0.235E-21  0.353E+18
  0.547E+16  0.160E-21  0.160E-21  0.353E+18
  0.799E+16  0.618E-22  0.618E-22  0.353E+18
  0.901E+16  0.457E-22  0.457E-22  0.353E+18
  0.113E+17  0.262E-22  0.262E-22  0.353E+18
  0.134E+17  0.169E-22  0.169E-22  0.353E+18
  0.194E+17  0.674E-23  0.674E-23  0.353E+18
  0.222E+17  0.479E-23  0.479E-23  0.353E+18
  0.270E+17  0.295E-23  0.295E-23  0.353E+18
  0.328E+17  0.181E-23  0.181E-23  0.353E+18
  0.365E+17  0.139E-23  0.139E-23  0.353E+18
  0.468E+17  0.742E-24  0.742E-24  0.353E+18
  0.547E+17  0.504E-24  0.504E-24  0.353E+18
  0.642E+17  0.338E-24  0.338E-24  0.353E+18
  0.799E+17  0.195E-24  0.195E-24  0.353E+18
  0.113E+18  0.828E-25  0.828E-25  0.353E+18
