 DENS, T, fainum_exp
  0.100E+11  0.250E+04  0.989E+13
 lAMBDA, n, np
  0.860E+04  0.300E+01  0.140E+02
 57
  0.000E+00  0.000E+00  0.704E-10  0.414E-09
  0.146E-04  0.591E+06  0.704E-10  0.414E-09
  0.231E-04  0.936E+06  0.704E-10  0.414E-09
  0.366E-04  0.148E+07  0.704E-10  0.414E-09
  0.580E-04  0.235E+07  0.704E-10  0.414E-09
  0.920E-04  0.373E+07  0.704E-10  0.414E-09
  0.146E-03  0.591E+07  0.704E-10  0.414E-09
  0.231E-03  0.936E+07  0.704E-10  0.414E-09
  0.366E-03  0.148E+08  0.704E-10  0.413E-09
  0.580E-03  0.235E+08  0.704E-10  0.413E-09
  0.920E-03  0.373E+08  0.704E-10  0.413E-09
  0.146E-02  0.591E+08  0.704E-10  0.412E-09
  0.231E-02  0.936E+08  0.704E-10  0.410E-09
  0.366E-02  0.148E+09  0.704E-10  0.405E-09
  0.580E-02  0.235E+09  0.704E-10  0.392E-09
  0.919E-02  0.373E+09  0.702E-10  0.362E-09
  0.146E-01  0.590E+09  0.700E-10  0.301E-09
  0.231E-01  0.935E+09  0.694E-10  0.203E-09
  0.365E-01  0.148E+10  0.679E-10  0.985E-10
  0.578E-01  0.234E+10  0.643E-10  0.354E-10
  0.915E-01  0.371E+10  0.561E-10  0.111E-10
  0.145E+00  0.586E+10  0.400E-10  0.346E-11
  0.228E+00  0.925E+10  0.173E-10  0.111E-11
  0.359E+00  0.145E+11  0.244E-11  0.360E-12
  0.563E+00  0.228E+11  0.169E-12  0.118E-12
  0.876E+00  0.355E+11  0.445E-13  0.401E-13
  0.135E+01  0.548E+11  0.144E-13  0.138E-13
  0.205E+01  0.832E+11  0.496E-14  0.488E-14
  0.306E+01  0.124E+12  0.179E-14  0.178E-14
  0.442E+01  0.179E+12  0.705E-15  0.703E-15
  0.506E+01  0.205E+12  0.507E-15  0.505E-15
  0.747E+01  0.303E+12  0.190E-15  0.189E-15
  0.107E+02  0.433E+12  0.775E-16  0.775E-16
  0.124E+02  0.505E+12  0.531E-16  0.531E-16
  0.182E+02  0.738E+12  0.204E-16  0.204E-16
  0.256E+02  0.104E+13  0.867E-17  0.867E-17
  0.305E+02  0.124E+13  0.562E-17  0.561E-17
  0.439E+02  0.179E+13  0.222E-17  0.222E-17
  0.504E+02  0.205E+13  0.160E-17  0.160E-17
  0.741E+02  0.303E+13  0.591E-18  0.591E-18
  0.823E+02  0.337E+13  0.459E-18  0.459E-18
  0.105E+03  0.433E+13  0.255E-18  0.255E-18
  0.123E+03  0.505E+13  0.174E-18  0.174E-18
  0.178E+03  0.738E+13  0.669E-19  0.669E-19
  0.201E+03  0.832E+13  0.495E-19  0.495E-19
  0.249E+03  0.104E+14  0.283E-19  0.283E-19
  0.295E+03  0.124E+14  0.183E-19  0.183E-19
  0.420E+03  0.179E+14  0.730E-20  0.730E-20
  0.478E+03  0.205E+14  0.518E-20  0.518E-20
  0.573E+03  0.249E+14  0.320E-20  0.320E-20
  0.688E+03  0.303E+14  0.196E-20  0.196E-20
  0.758E+03  0.337E+14  0.150E-20  0.150E-20
  0.950E+03  0.433E+14  0.804E-21  0.804E-21
  0.109E+04  0.505E+14  0.546E-21  0.546E-21
  0.125E+04  0.593E+14  0.366E-21  0.366E-21
  0.150E+04  0.738E+14  0.212E-21  0.212E-21
  0.198E+04  0.104E+15  0.896E-22  0.896E-22
