 DENS, T, fainum_exp
  0.100E+11  0.250E+04  0.259E+13
 lAMBDA, n, np
  0.923E+04  0.300E+01  0.900E+01

  0.000E+00  0.737E-13  0.111E-11  0.923E+17
  0.221E+10  0.737E-13  0.111E-11  0.923E+17
  0.350E+10  0.737E-13  0.111E-11  0.923E+17
  0.555E+10  0.737E-13  0.111E-11  0.923E+17
  0.880E+10  0.737E-13  0.111E-11  0.923E+17
  0.139E+11  0.737E-13  0.111E-11  0.923E+17
  0.221E+11  0.737E-13  0.111E-11  0.923E+17
  0.350E+11  0.737E-13  0.110E-11  0.923E+17
  0.555E+11  0.737E-13  0.109E-11  0.923E+17
  0.879E+11  0.737E-13  0.105E-11  0.923E+17
  0.139E+12  0.737E-13  0.975E-12  0.923E+17
  0.220E+12  0.736E-13  0.814E-12  0.923E+17
  0.349E+12  0.736E-13  0.550E-12  0.923E+17
  0.551E+12  0.733E-13  0.269E-12  0.923E+17
  0.870E+12  0.728E-13  0.100E-12  0.923E+17
  0.137E+13  0.714E-13  0.326E-13  0.923E+17
  0.215E+13  0.681E-13  0.104E-13  0.923E+17
  0.335E+13  0.608E-13  0.328E-14  0.923E+17
  0.517E+13  0.464E-13  0.112E-14  0.923E+17
  0.788E+13  0.246E-13  0.402E-15  0.923E+17
  0.118E+14  0.512E-14  0.152E-15  0.923E+17
  0.171E+14  0.188E-15  0.616E-16  0.923E+17
  0.195E+14  0.103E-15  0.457E-16  0.923E+17
  0.288E+14  0.218E-16  0.176E-16  0.923E+17
  0.407E+14  0.825E-17  0.767E-17  0.923E+17
  0.479E+14  0.549E-17  0.521E-17  0.923E+17
  0.704E+14  0.209E-17  0.204E-17  0.923E+17
  0.111E+15  0.675E-18  0.668E-18  0.923E+17
  0.171E+15  0.234E-18  0.233E-18  0.923E+17
  0.288E+15  0.634E-19  0.634E-19  0.923E+17
  0.414E+15  0.255E-19  0.255E-19  0.923E+17
  0.479E+15  0.179E-19  0.179E-19  0.923E+17
  0.704E+15  0.678E-20  0.678E-20  0.923E+17
  0.788E+15  0.518E-20  0.518E-20  0.923E+17
  0.998E+15  0.283E-20  0.283E-20  0.923E+17
  0.118E+16  0.188E-20  0.188E-20  0.923E+17
  0.171E+16  0.734E-21  0.734E-21  0.923E+17
  0.195E+16  0.539E-21  0.539E-21  0.923E+17
  0.288E+16  0.200E-21  0.200E-21  0.923E+17
  0.414E+16  0.792E-22  0.792E-22  0.923E+17
  0.479E+16  0.552E-22  0.552E-22  0.923E+17
  0.704E+16  0.221E-22  0.221E-22  0.923E+17
  0.788E+16  0.164E-22  0.164E-22  0.923E+17
  0.998E+16  0.927E-23  0.927E-23  0.923E+17
  0.118E+17  0.613E-23  0.613E-23  0.923E+17
  0.171E+17  0.241E-23  0.241E-23  0.923E+17
  0.195E+17  0.175E-23  0.175E-23  0.923E+17
  0.239E+17  0.104E-23  0.104E-23  0.923E+17
  0.288E+17  0.654E-24  0.654E-24  0.923E+17
  0.414E+17  0.264E-24  0.264E-24  0.923E+17
  0.479E+17  0.183E-24  0.183E-24  0.923E+17
  0.572E+17  0.118E-24  0.118E-24  0.923E+17
  0.704E+17  0.703E-25  0.703E-25  0.923E+17
  0.998E+17  0.293E-25  0.293E-25  0.923E+17
  0.136E+18  0.136E-25  0.136E-25  0.923E+17
