 DENS, T, fainum_exp
  0.100E+11  0.250E+04  0.259E+13
 lAMBDA, n, np
  0.923E+04  0.300E+01  0.900E+01
 55
  0.000E+00  0.000E+00  0.799E-10  0.121E-08
  0.580E-04  0.204E+07  0.799E-10  0.121E-08
  0.920E-04  0.323E+07  0.799E-10  0.121E-08
  0.146E-03  0.513E+07  0.799E-10  0.121E-08
  0.231E-03  0.813E+07  0.799E-10  0.121E-08
  0.366E-03  0.129E+08  0.799E-10  0.120E-08
  0.580E-03  0.204E+08  0.799E-10  0.120E-08
  0.919E-03  0.323E+08  0.799E-10  0.120E-08
  0.146E-02  0.512E+08  0.799E-10  0.118E-08
  0.231E-02  0.812E+08  0.799E-10  0.114E-08
  0.365E-02  0.129E+09  0.798E-10  0.106E-08
  0.579E-02  0.204E+09  0.798E-10  0.882E-09
  0.915E-02  0.322E+09  0.797E-10  0.596E-09
  0.145E-01  0.509E+09  0.794E-10  0.292E-09
  0.228E-01  0.803E+09  0.788E-10  0.108E-09
  0.359E-01  0.126E+10  0.773E-10  0.353E-10
  0.564E-01  0.198E+10  0.737E-10  0.113E-10
  0.879E-01  0.309E+10  0.658E-10  0.356E-11
  0.136E+00  0.478E+10  0.502E-10  0.122E-11
  0.207E+00  0.728E+10  0.267E-10  0.436E-12
  0.309E+00  0.109E+11  0.554E-11  0.164E-12
  0.449E+00  0.158E+11  0.204E-12  0.667E-13
  0.511E+00  0.180E+11  0.112E-12  0.495E-13
  0.757E+00  0.266E+11  0.236E-13  0.191E-13
  0.107E+01  0.376E+11  0.894E-14  0.831E-14
  0.126E+01  0.443E+11  0.594E-14  0.564E-14
  0.185E+01  0.650E+11  0.226E-14  0.221E-14
  0.292E+01  0.103E+12  0.731E-15  0.724E-15
  0.449E+01  0.158E+12  0.253E-15  0.252E-15
  0.756E+01  0.266E+12  0.687E-16  0.686E-16
  0.109E+02  0.382E+12  0.276E-16  0.276E-16
  0.126E+02  0.443E+12  0.193E-16  0.193E-16
  0.184E+02  0.650E+12  0.734E-17  0.734E-17
  0.206E+02  0.728E+12  0.561E-17  0.561E-17
  0.261E+02  0.922E+12  0.306E-17  0.306E-17
  0.308E+02  0.109E+13  0.204E-17  0.204E-17
  0.447E+02  0.158E+13  0.795E-18  0.795E-18
  0.508E+02  0.180E+13  0.584E-18  0.584E-18
  0.751E+02  0.266E+13  0.217E-18  0.217E-18
  0.107E+03  0.382E+13  0.858E-19  0.858E-19
  0.124E+03  0.443E+13  0.598E-19  0.598E-19
  0.181E+03  0.650E+13  0.240E-19  0.240E-19
  0.202E+03  0.728E+13  0.178E-19  0.178E-19
  0.255E+03  0.922E+13  0.100E-19  0.100E-19
  0.299E+03  0.109E+14  0.664E-20  0.664E-20
  0.428E+03  0.158E+14  0.261E-20  0.261E-20
  0.484E+03  0.180E+14  0.189E-20  0.189E-20
  0.589E+03  0.221E+14  0.113E-20  0.113E-20
  0.700E+03  0.266E+14  0.708E-21  0.708E-21
  0.973E+03  0.382E+14  0.286E-21  0.286E-21
  0.111E+04  0.443E+14  0.199E-21  0.199E-21
  0.129E+04  0.528E+14  0.128E-21  0.128E-21
  0.154E+04  0.650E+14  0.761E-22  0.761E-22
  0.204E+04  0.922E+14  0.318E-22  0.318E-22
  0.257E+04  0.125E+15  0.147E-22  0.147E-22
