 DENS, T, fainum_exp
  0.100E+11  0.250E+04  0.146E+13
 lAMBDA, n, np
  0.955E+04  0.300E+01  0.800E+01

  0.000E+00  0.768E-13  0.181E-11  0.521E+17
  0.207E+10  0.768E-13  0.181E-11  0.521E+17
  0.327E+10  0.768E-13  0.181E-11  0.521E+17
  0.519E+10  0.768E-13  0.181E-11  0.521E+17
  0.822E+10  0.768E-13  0.181E-11  0.521E+17
  0.130E+11  0.768E-13  0.180E-11  0.521E+17
  0.206E+11  0.768E-13  0.180E-11  0.521E+17
  0.327E+11  0.768E-13  0.177E-11  0.521E+17
  0.518E+11  0.767E-13  0.172E-11  0.521E+17
  0.820E+11  0.767E-13  0.159E-11  0.521E+17
  0.130E+12  0.767E-13  0.133E-11  0.521E+17
  0.205E+12  0.767E-13  0.920E-12  0.521E+17
  0.324E+12  0.766E-13  0.472E-12  0.521E+17
  0.511E+12  0.764E-13  0.186E-12  0.521E+17
  0.803E+12  0.758E-13  0.636E-13  0.521E+17
  0.126E+13  0.745E-13  0.209E-13  0.521E+17
  0.195E+13  0.715E-13  0.695E-14  0.521E+17
  0.299E+13  0.650E-13  0.231E-14  0.521E+17
  0.450E+13  0.524E-13  0.837E-15  0.521E+17
  0.662E+13  0.328E-13  0.327E-15  0.521E+17
  0.739E+13  0.272E-13  0.254E-15  0.521E+17
  0.942E+13  0.114E-13  0.140E-15  0.521E+17
  0.111E+14  0.612E-14  0.956E-16  0.521E+17
  0.161E+14  0.177E-15  0.385E-16  0.521E+17
  0.271E+14  0.145E-16  0.111E-16  0.521E+17
  0.387E+14  0.507E-17  0.470E-17  0.521E+17
  0.450E+14  0.349E-17  0.331E-17  0.521E+17
  0.662E+14  0.133E-17  0.129E-17  0.521E+17
  0.942E+14  0.558E-18  0.552E-18  0.521E+17
  0.111E+15  0.379E-18  0.375E-18  0.521E+17
  0.161E+15  0.150E-18  0.149E-18  0.521E+17
  0.271E+15  0.419E-19  0.419E-19  0.521E+17
  0.387E+15  0.171E-19  0.170E-19  0.521E+17
  0.450E+15  0.118E-19  0.118E-19  0.521E+17
  0.662E+15  0.477E-20  0.477E-20  0.521E+17
  0.942E+15  0.191E-20  0.191E-20  0.521E+17
  0.111E+16  0.128E-20  0.128E-20  0.521E+17
  0.161E+16  0.500E-21  0.500E-21  0.521E+17
  0.271E+16  0.136E-21  0.136E-21  0.521E+17
  0.387E+16  0.558E-22  0.558E-22  0.521E+17
  0.450E+16  0.383E-22  0.383E-22  0.521E+17
  0.662E+16  0.146E-22  0.146E-22  0.521E+17
  0.942E+16  0.605E-23  0.605E-23  0.521E+17
  0.111E+17  0.405E-23  0.405E-23  0.521E+17
  0.161E+17  0.158E-23  0.158E-23  0.521E+17
  0.226E+17  0.677E-24  0.677E-24  0.521E+17
  0.271E+17  0.430E-24  0.430E-24  0.521E+17
  0.387E+17  0.177E-24  0.177E-24  0.521E+17
  0.450E+17  0.121E-24  0.121E-24  0.521E+17
  0.541E+17  0.767E-25  0.767E-25  0.521E+17
  0.662E+17  0.462E-25  0.462E-25  0.521E+17
