 DENS, T, fainum_exp
  0.100E+11  0.250E+04  0.146E+13
 lAMBDA, n, np
  0.955E+04  0.300E+01  0.800E+01
 51
  0.000E+00  0.000E+00  0.831E-10  0.196E-08
  0.580E-04  0.191E+07  0.831E-10  0.196E-08
  0.920E-04  0.302E+07  0.831E-10  0.196E-08
  0.146E-03  0.479E+07  0.831E-10  0.196E-08
  0.231E-03  0.759E+07  0.831E-10  0.196E-08
  0.366E-03  0.120E+08  0.831E-10  0.195E-08
  0.580E-03  0.191E+08  0.831E-10  0.194E-08
  0.919E-03  0.302E+08  0.831E-10  0.192E-08
  0.146E-02  0.478E+08  0.831E-10  0.186E-08
  0.230E-02  0.758E+08  0.831E-10  0.172E-08
  0.365E-02  0.120E+09  0.831E-10  0.145E-08
  0.577E-02  0.190E+09  0.830E-10  0.996E-09
  0.911E-02  0.299E+09  0.829E-10  0.511E-09
  0.144E-01  0.472E+09  0.827E-10  0.201E-09
  0.226E-01  0.742E+09  0.821E-10  0.689E-10
  0.353E-01  0.116E+10  0.807E-10  0.227E-10
  0.547E-01  0.180E+10  0.774E-10  0.753E-11
  0.839E-01  0.276E+10  0.703E-10  0.250E-11
  0.126E+00  0.416E+10  0.567E-10  0.907E-12
  0.186E+00  0.611E+10  0.356E-10  0.354E-12
  0.208E+00  0.683E+10  0.294E-10  0.275E-12
  0.265E+00  0.870E+10  0.123E-10  0.151E-12
  0.311E+00  0.102E+11  0.663E-11  0.103E-12
  0.452E+00  0.149E+11  0.192E-12  0.417E-13
  0.761E+00  0.250E+11  0.157E-13  0.120E-13
  0.109E+01  0.358E+11  0.549E-14  0.509E-14
  0.126E+01  0.416E+11  0.378E-14  0.358E-14
  0.186E+01  0.611E+11  0.144E-14  0.140E-14
  0.264E+01  0.870E+11  0.604E-15  0.597E-15
  0.311E+01  0.102E+12  0.410E-15  0.407E-15
  0.452E+01  0.149E+12  0.162E-15  0.162E-15
  0.761E+01  0.250E+12  0.454E-16  0.453E-16
  0.109E+02  0.358E+12  0.185E-16  0.185E-16
  0.126E+02  0.416E+12  0.128E-16  0.128E-16
  0.186E+02  0.611E+12  0.517E-17  0.517E-17
  0.264E+02  0.870E+12  0.207E-17  0.207E-17
  0.310E+02  0.102E+13  0.139E-17  0.139E-17
  0.450E+02  0.149E+13  0.542E-18  0.542E-18
  0.755E+02  0.250E+13  0.147E-18  0.147E-18
  0.108E+03  0.358E+13  0.605E-19  0.605E-19
  0.125E+03  0.416E+13  0.415E-19  0.415E-19
  0.182E+03  0.611E+13  0.158E-19  0.158E-19
  0.257E+03  0.870E+13  0.655E-20  0.655E-20
  0.301E+03  0.102E+14  0.438E-20  0.438E-20
  0.432E+03  0.149E+14  0.171E-20  0.171E-20
  0.596E+03  0.209E+14  0.733E-21  0.733E-21
  0.705E+03  0.250E+14  0.466E-21  0.466E-21
  0.976E+03  0.358E+14  0.191E-21  0.191E-21
  0.112E+04  0.416E+14  0.131E-21  0.131E-21
  0.131E+04  0.499E+14  0.831E-22  0.831E-22
  0.156E+04  0.611E+14  0.500E-22  0.500E-22
