 DENS, T, fainum_exp
  0.100E+11  0.250E+04  0.620E+13
 lAMBDA, n, np
  0.875E+04  0.300E+01  0.120E+02
 59
  0.000E+00  0.000E+00  0.733E-10  0.596E-09
  0.920E-05  0.360E+06  0.733E-10  0.596E-09
  0.146E-04  0.570E+06  0.733E-10  0.596E-09
  0.231E-04  0.904E+06  0.733E-10  0.596E-09
  0.366E-04  0.143E+07  0.733E-10  0.596E-09
  0.580E-04  0.227E+07  0.733E-10  0.596E-09
  0.920E-04  0.360E+07  0.733E-10  0.596E-09
  0.146E-03  0.570E+07  0.733E-10  0.596E-09
  0.231E-03  0.904E+07  0.733E-10  0.596E-09
  0.366E-03  0.143E+08  0.733E-10  0.596E-09
  0.580E-03  0.227E+08  0.732E-10  0.596E-09
  0.920E-03  0.360E+08  0.732E-10  0.595E-09
  0.146E-02  0.570E+08  0.732E-10  0.593E-09
  0.231E-02  0.904E+08  0.732E-10  0.587E-09
  0.366E-02  0.143E+09  0.732E-10  0.572E-09
  0.580E-02  0.227E+09  0.732E-10  0.538E-09
  0.919E-02  0.359E+09  0.731E-10  0.465E-09
  0.146E-01  0.569E+09  0.728E-10  0.337E-09
  0.230E-01  0.901E+09  0.722E-10  0.181E-09
  0.365E-01  0.143E+10  0.707E-10  0.703E-10
  0.576E-01  0.226E+10  0.670E-10  0.228E-10
  0.910E-01  0.356E+10  0.586E-10  0.703E-11
  0.143E+00  0.561E+10  0.421E-10  0.217E-11
  0.225E+00  0.881E+10  0.187E-10  0.720E-12
  0.351E+00  0.137E+11  0.262E-11  0.244E-12
  0.544E+00  0.213E+11  0.130E-12  0.846E-13
  0.832E+00  0.326E+11  0.340E-13  0.301E-13
  0.125E+01  0.489E+11  0.116E-13  0.111E-13
  0.183E+01  0.715E+11  0.444E-14  0.434E-14
  0.206E+01  0.805E+11  0.335E-14  0.329E-14
  0.258E+01  0.101E+12  0.188E-14  0.186E-14
  0.306E+01  0.120E+12  0.123E-14  0.122E-14
  0.443E+01  0.174E+12  0.480E-15  0.478E-15
  0.507E+01  0.199E+12  0.346E-15  0.345E-15
  0.749E+01  0.293E+12  0.129E-15  0.129E-15
  0.104E+02  0.406E+12  0.571E-16  0.571E-16
  0.125E+02  0.489E+12  0.361E-16  0.361E-16
  0.182E+02  0.715E+12  0.138E-16  0.138E-16
  0.205E+02  0.805E+12  0.104E-16  0.104E-16
  0.257E+02  0.101E+13  0.585E-17  0.585E-17
  0.305E+02  0.120E+13  0.382E-17  0.382E-17
  0.441E+02  0.174E+13  0.151E-17  0.151E-17
  0.505E+02  0.199E+13  0.109E-17  0.109E-17
  0.743E+02  0.293E+13  0.401E-18  0.401E-18
  0.106E+03  0.420E+13  0.173E-18  0.173E-18
  0.123E+03  0.489E+13  0.118E-18  0.118E-18
  0.179E+03  0.715E+13  0.454E-19  0.454E-19
  0.201E+03  0.805E+13  0.337E-19  0.337E-19
  0.251E+03  0.101E+14  0.191E-19  0.191E-19
  0.296E+03  0.120E+14  0.124E-19  0.124E-19
  0.422E+03  0.174E+14  0.494E-20  0.494E-20
  0.480E+03  0.199E+14  0.353E-20  0.353E-20
  0.577E+03  0.242E+14  0.216E-20  0.216E-20
  0.691E+03  0.293E+14  0.133E-20  0.133E-20
  0.955E+03  0.420E+14  0.544E-21  0.544E-21
  0.109E+04  0.489E+14  0.371E-21  0.371E-21
  0.126E+04  0.576E+14  0.246E-21  0.246E-21
  0.151E+04  0.715E+14  0.143E-21  0.143E-21
  0.199E+04  0.101E+15  0.605E-22  0.605E-22
