 DENS, T, fainum_exp
  0.100E+11  0.250E+04  0.620E+13
 lAMBDA, n, np
  0.875E+04  0.300E+01  0.120E+02

  0.000E+00  0.677E-13  0.551E-12  0.221E+18
  0.390E+09  0.677E-13  0.551E-12  0.221E+18
  0.618E+09  0.677E-13  0.551E-12  0.221E+18
  0.979E+09  0.677E-13  0.551E-12  0.221E+18
  0.155E+10  0.677E-13  0.551E-12  0.221E+18
  0.246E+10  0.677E-13  0.551E-12  0.221E+18
  0.390E+10  0.677E-13  0.551E-12  0.221E+18
  0.618E+10  0.677E-13  0.551E-12  0.221E+18
  0.979E+10  0.677E-13  0.551E-12  0.221E+18
  0.155E+11  0.677E-13  0.551E-12  0.221E+18
  0.246E+11  0.676E-13  0.550E-12  0.221E+18
  0.390E+11  0.676E-13  0.549E-12  0.221E+18
  0.618E+11  0.676E-13  0.547E-12  0.221E+18
  0.979E+11  0.676E-13  0.542E-12  0.221E+18
  0.155E+12  0.676E-13  0.528E-12  0.221E+18
  0.246E+12  0.676E-13  0.497E-12  0.221E+18
  0.389E+12  0.675E-13  0.429E-12  0.221E+18
  0.617E+12  0.673E-13  0.311E-12  0.221E+18
  0.976E+12  0.667E-13  0.167E-12  0.221E+18
  0.154E+13  0.653E-13  0.649E-13  0.221E+18
  0.244E+13  0.618E-13  0.210E-13  0.221E+18
  0.386E+13  0.541E-13  0.649E-14  0.221E+18
  0.607E+13  0.389E-13  0.201E-14  0.221E+18
  0.954E+13  0.172E-13  0.665E-15  0.221E+18
  0.149E+14  0.242E-14  0.226E-15  0.221E+18
  0.231E+14  0.120E-15  0.781E-16  0.221E+18
  0.353E+14  0.314E-16  0.278E-16  0.221E+18
  0.529E+14  0.107E-16  0.102E-16  0.221E+18
  0.774E+14  0.410E-17  0.401E-17  0.221E+18
  0.872E+14  0.309E-17  0.304E-17  0.221E+18
  0.109E+15  0.174E-17  0.172E-17  0.221E+18
  0.130E+15  0.113E-17  0.113E-17  0.221E+18
  0.188E+15  0.443E-18  0.441E-18  0.221E+18
  0.215E+15  0.319E-18  0.318E-18  0.221E+18
  0.318E+15  0.119E-18  0.119E-18  0.221E+18
  0.440E+15  0.527E-19  0.527E-19  0.221E+18
  0.529E+15  0.333E-19  0.333E-19  0.221E+18
  0.774E+15  0.128E-19  0.128E-19  0.221E+18
  0.872E+15  0.963E-20  0.963E-20  0.221E+18
  0.109E+16  0.541E-20  0.541E-20  0.221E+18
  0.130E+16  0.352E-20  0.352E-20  0.221E+18
  0.188E+16  0.139E-20  0.139E-20  0.221E+18
  0.215E+16  0.101E-20  0.101E-20  0.221E+18
  0.318E+16  0.370E-21  0.370E-21  0.221E+18
  0.454E+16  0.159E-21  0.159E-21  0.221E+18
  0.529E+16  0.109E-21  0.109E-21  0.221E+18
  0.774E+16  0.419E-22  0.419E-22  0.221E+18
  0.872E+16  0.311E-22  0.311E-22  0.221E+18
  0.109E+17  0.177E-22  0.177E-22  0.221E+18
  0.130E+17  0.115E-22  0.115E-22  0.221E+18
  0.188E+17  0.456E-23  0.456E-23  0.221E+18
  0.215E+17  0.326E-23  0.326E-23  0.221E+18
  0.262E+17  0.199E-23  0.199E-23  0.221E+18
  0.318E+17  0.123E-23  0.123E-23  0.221E+18
  0.454E+17  0.502E-24  0.502E-24  0.221E+18
  0.529E+17  0.343E-24  0.343E-24  0.221E+18
  0.624E+17  0.227E-24  0.227E-24  0.221E+18
  0.774E+17  0.133E-24  0.133E-24  0.221E+18
  0.109E+18  0.559E-25  0.559E-25  0.221E+18
