 DENS, T, fainum_exp
  0.100E+11  0.250E+04  0.148E+14
 lAMBDA, n, np
  0.370E+04  0.200E+01  0.160E+02

  0.000E+00  0.291E-13  0.278E-12  0.528E+18
  0.546E+10  0.291E-13  0.278E-12  0.528E+18
  0.866E+10  0.291E-13  0.278E-12  0.528E+18
  0.137E+11  0.291E-13  0.278E-12  0.528E+18
  0.217E+11  0.291E-13  0.278E-12  0.528E+18
  0.345E+11  0.291E-13  0.278E-12  0.528E+18
  0.546E+11  0.291E-13  0.278E-12  0.528E+18
  0.866E+11  0.291E-13  0.277E-12  0.528E+18
  0.137E+12  0.291E-13  0.276E-12  0.528E+18
  0.217E+12  0.291E-13  0.273E-12  0.528E+18
  0.345E+12  0.291E-13  0.265E-12  0.528E+18
  0.546E+12  0.291E-13  0.247E-12  0.528E+18
  0.865E+12  0.291E-13  0.208E-12  0.528E+18
  0.137E+13  0.290E-13  0.143E-12  0.528E+18
  0.217E+13  0.288E-13  0.694E-13  0.528E+18
  0.344E+13  0.282E-13  0.244E-13  0.528E+18
  0.545E+13  0.269E-13  0.759E-14  0.528E+18
  0.862E+13  0.238E-13  0.235E-14  0.528E+18
  0.136E+14  0.176E-13  0.747E-15  0.528E+18
  0.215E+14  0.831E-14  0.241E-15  0.528E+18
  0.339E+14  0.132E-14  0.778E-16  0.528E+18
  0.531E+14  0.467E-16  0.257E-16  0.528E+18
  0.828E+14  0.962E-17  0.841E-17  0.528E+18
  0.128E+15  0.296E-17  0.282E-17  0.528E+18
  0.195E+15  0.994E-18  0.973E-18  0.528E+18
  0.291E+15  0.356E-18  0.353E-18  0.528E+18
  0.424E+15  0.138E-18  0.138E-18  0.528E+18
  0.482E+15  0.102E-18  0.101E-18  0.528E+18
  0.714E+15  0.375E-19  0.375E-19  0.528E+18
  0.119E+16  0.106E-19  0.106E-19  0.528E+18
  0.195E+16  0.307E-20  0.307E-20  0.528E+18
  0.318E+16  0.911E-21  0.911E-21  0.528E+18
  0.482E+16  0.320E-21  0.320E-21  0.528E+18
  0.788E+16  0.938E-22  0.938E-22  0.528E+18
  0.119E+17  0.334E-22  0.334E-22  0.528E+18
  0.195E+17  0.101E-22  0.101E-22  0.528E+18
  0.318E+17  0.293E-23  0.293E-23  0.528E+18
  0.482E+17  0.104E-23  0.104E-23  0.528E+18
  0.788E+17  0.303E-24  0.303E-24  0.528E+18
  0.119E+18  0.109E-24  0.109E-24  0.528E+18
