 DENS, T, fainum_exp
  0.100E+11  0.250E+04  0.148E+14
 lAMBDA, n, np
  0.370E+04  0.200E+01  0.160E+02
 40
  0.000E+00  0.000E+00  0.316E-10  0.301E-09
  0.231E-04  0.504E+07  0.316E-10  0.301E-09
  0.366E-04  0.800E+07  0.316E-10  0.301E-09
  0.580E-04  0.127E+08  0.316E-10  0.301E-09
  0.920E-04  0.201E+08  0.316E-10  0.301E-09
  0.146E-03  0.318E+08  0.316E-10  0.301E-09
  0.231E-03  0.504E+08  0.316E-10  0.301E-09
  0.366E-03  0.800E+08  0.316E-10  0.301E-09
  0.580E-03  0.127E+09  0.316E-10  0.299E-09
  0.920E-03  0.201E+09  0.316E-10  0.296E-09
  0.146E-02  0.318E+09  0.315E-10  0.287E-09
  0.231E-02  0.504E+09  0.315E-10  0.267E-09
  0.366E-02  0.799E+09  0.315E-10  0.226E-09
  0.580E-02  0.127E+10  0.314E-10  0.154E-09
  0.919E-02  0.201E+10  0.311E-10  0.751E-10
  0.145E-01  0.318E+10  0.305E-10  0.265E-10
  0.230E-01  0.503E+10  0.291E-10  0.822E-11
  0.364E-01  0.796E+10  0.258E-10  0.255E-11
  0.576E-01  0.126E+11  0.190E-10  0.809E-12
  0.909E-01  0.199E+11  0.900E-11  0.261E-12
  0.143E+00  0.313E+11  0.143E-11  0.843E-13
  0.224E+00  0.490E+11  0.506E-13  0.278E-13
  0.350E+00  0.764E+11  0.104E-13  0.911E-14
  0.541E+00  0.118E+12  0.320E-14  0.305E-14
  0.824E+00  0.180E+12  0.108E-14  0.105E-14
  0.123E+01  0.269E+12  0.386E-15  0.383E-15
  0.179E+01  0.391E+12  0.150E-15  0.149E-15
  0.203E+01  0.445E+12  0.110E-15  0.110E-15
  0.302E+01  0.659E+12  0.407E-16  0.406E-16
  0.501E+01  0.110E+13  0.115E-16  0.115E-16
  0.823E+01  0.180E+13  0.333E-17  0.333E-17
  0.134E+02  0.293E+13  0.987E-18  0.987E-18
  0.202E+02  0.445E+13  0.346E-18  0.346E-18
  0.330E+02  0.728E+13  0.102E-18  0.102E-18
  0.495E+02  0.110E+14  0.361E-19  0.361E-19
  0.807E+02  0.180E+14  0.109E-19  0.109E-19
  0.130E+03  0.293E+14  0.317E-20  0.317E-20
  0.193E+03  0.445E+14  0.112E-20  0.112E-20
  0.306E+03  0.728E+14  0.328E-21  0.328E-21
  0.442E+03  0.110E+15  0.118E-21  0.118E-21
