 DENS, T, fainum_exp
  0.100E+11  0.250E+04  0.477E+13
 lAMBDA, n, np
  0.887E+04  0.300E+01  0.110E+02

  0.000E+00  0.693E-13  0.678E-12  0.170E+18
  0.380E+09  0.693E-13  0.678E-12  0.170E+18
  0.602E+09  0.693E-13  0.678E-12  0.170E+18
  0.954E+09  0.693E-13  0.678E-12  0.170E+18
  0.151E+10  0.693E-13  0.678E-12  0.170E+18
  0.240E+10  0.693E-13  0.678E-12  0.170E+18
  0.380E+10  0.693E-13  0.678E-12  0.170E+18
  0.602E+10  0.693E-13  0.678E-12  0.170E+18
  0.954E+10  0.693E-13  0.678E-12  0.170E+18
  0.151E+11  0.693E-13  0.678E-12  0.170E+18
  0.240E+11  0.693E-13  0.678E-12  0.170E+18
  0.380E+11  0.693E-13  0.676E-12  0.170E+18
  0.602E+11  0.693E-13  0.672E-12  0.170E+18
  0.954E+11  0.692E-13  0.662E-12  0.170E+18
  0.151E+12  0.692E-13  0.638E-12  0.170E+18
  0.239E+12  0.692E-13  0.586E-12  0.170E+18
  0.379E+12  0.691E-13  0.479E-12  0.170E+18
  0.600E+12  0.688E-13  0.313E-12  0.170E+18
  0.949E+12  0.683E-13  0.148E-12  0.170E+18
  0.150E+13  0.669E-13  0.526E-13  0.170E+18
  0.236E+13  0.635E-13  0.167E-13  0.170E+18
  0.372E+13  0.558E-13  0.526E-14  0.170E+18
  0.581E+13  0.408E-13  0.166E-14  0.170E+18
  0.903E+13  0.191E-13  0.566E-15  0.170E+18
  0.139E+14  0.298E-14  0.200E-15  0.170E+18
  0.210E+14  0.130E-15  0.730E-16  0.170E+18
  0.310E+14  0.336E-16  0.282E-16  0.170E+18
  0.444E+14  0.126E-16  0.118E-16  0.170E+18
  0.517E+14  0.865E-17  0.824E-17  0.170E+18
  0.757E+14  0.330E-17  0.323E-17  0.170E+18
  0.184E+15  0.360E-18  0.358E-18  0.170E+18
  0.210E+15  0.260E-18  0.260E-18  0.170E+18
  0.310E+15  0.969E-19  0.968E-19  0.170E+18
  0.432E+15  0.424E-19  0.424E-19  0.170E+18
  0.517E+15  0.272E-19  0.272E-19  0.170E+18
  0.757E+15  0.104E-19  0.104E-19  0.170E+18
  0.851E+15  0.787E-20  0.787E-20  0.170E+18
  0.107E+16  0.439E-20  0.439E-20  0.170E+18
  0.127E+16  0.287E-20  0.287E-20  0.170E+18
  0.184E+16  0.113E-20  0.113E-20  0.170E+18
  0.210E+16  0.822E-21  0.822E-21  0.170E+18
  0.310E+16  0.302E-21  0.302E-21  0.170E+18
  0.444E+16  0.130E-21  0.130E-21  0.170E+18
  0.517E+16  0.891E-22  0.891E-22  0.170E+18
  0.757E+16  0.341E-22  0.341E-22  0.170E+18
  0.851E+16  0.254E-22  0.254E-22  0.170E+18
  0.107E+17  0.144E-22  0.144E-22  0.170E+18
  0.127E+17  0.938E-23  0.938E-23  0.170E+18
  0.184E+17  0.371E-23  0.371E-23  0.170E+18
  0.210E+17  0.266E-23  0.266E-23  0.170E+18
  0.256E+17  0.162E-23  0.162E-23  0.170E+18
  0.310E+17  0.100E-23  0.100E-23  0.170E+18
  0.444E+17  0.408E-24  0.408E-24  0.170E+18
  0.517E+17  0.280E-24  0.280E-24  0.170E+18
  0.611E+17  0.184E-24  0.184E-24  0.170E+18
  0.757E+17  0.108E-24  0.108E-24  0.170E+18
  0.107E+18  0.454E-25  0.454E-25  0.170E+18
