 DENS, T, fainum_exp
  0.100E+11  0.250E+04  0.477E+13
 lAMBDA, n, np
  0.887E+04  0.300E+01  0.110E+02
 57
  0.000E+00  0.000E+00  0.750E-10  0.735E-09
  0.920E-05  0.351E+06  0.750E-10  0.735E-09
  0.146E-04  0.556E+06  0.750E-10  0.735E-09
  0.231E-04  0.881E+06  0.750E-10  0.735E-09
  0.366E-04  0.140E+07  0.750E-10  0.735E-09
  0.580E-04  0.221E+07  0.750E-10  0.735E-09
  0.920E-04  0.351E+07  0.750E-10  0.735E-09
  0.146E-03  0.556E+07  0.750E-10  0.735E-09
  0.231E-03  0.881E+07  0.750E-10  0.735E-09
  0.366E-03  0.140E+08  0.750E-10  0.734E-09
  0.580E-03  0.221E+08  0.750E-10  0.734E-09
  0.919E-03  0.351E+08  0.750E-10  0.732E-09
  0.146E-02  0.556E+08  0.750E-10  0.728E-09
  0.231E-02  0.881E+08  0.750E-10  0.717E-09
  0.366E-02  0.140E+09  0.750E-10  0.691E-09
  0.579E-02  0.221E+09  0.749E-10  0.634E-09
  0.918E-02  0.350E+09  0.748E-10  0.519E-09
  0.145E-01  0.554E+09  0.745E-10  0.339E-09
  0.230E-01  0.876E+09  0.739E-10  0.160E-09
  0.363E-01  0.138E+10  0.724E-10  0.569E-10
  0.572E-01  0.218E+10  0.687E-10  0.181E-10
  0.899E-01  0.343E+10  0.604E-10  0.569E-11
  0.141E+00  0.537E+10  0.442E-10  0.180E-11
  0.219E+00  0.834E+10  0.207E-10  0.613E-12
  0.336E+00  0.128E+11  0.323E-11  0.216E-12
  0.508E+00  0.194E+11  0.141E-12  0.791E-13
  0.751E+00  0.287E+11  0.363E-13  0.306E-13
  0.108E+01  0.410E+11  0.137E-13  0.128E-13
  0.125E+01  0.477E+11  0.937E-14  0.893E-14
  0.183E+01  0.699E+11  0.358E-14  0.350E-14
  0.445E+01  0.170E+12  0.390E-15  0.388E-15
  0.508E+01  0.194E+12  0.282E-15  0.281E-15
  0.751E+01  0.287E+12  0.105E-15  0.105E-15
  0.104E+02  0.399E+12  0.460E-16  0.459E-16
  0.125E+02  0.477E+12  0.295E-16  0.295E-16
  0.183E+02  0.699E+12  0.113E-16  0.113E-16
  0.206E+02  0.786E+12  0.852E-17  0.852E-17
  0.258E+02  0.988E+12  0.475E-17  0.475E-17
  0.306E+02  0.117E+13  0.311E-17  0.311E-17
  0.443E+02  0.170E+13  0.123E-17  0.123E-17
  0.506E+02  0.194E+13  0.890E-18  0.890E-18
  0.745E+02  0.287E+13  0.327E-18  0.327E-18
  0.106E+03  0.410E+13  0.140E-18  0.140E-18
  0.123E+03  0.477E+13  0.965E-19  0.965E-19
  0.179E+03  0.699E+13  0.370E-19  0.370E-19
  0.201E+03  0.786E+13  0.276E-19  0.276E-19
  0.252E+03  0.988E+13  0.155E-19  0.155E-19
  0.297E+03  0.117E+14  0.102E-19  0.102E-19
  0.424E+03  0.170E+14  0.402E-20  0.402E-20
  0.481E+03  0.194E+14  0.288E-20  0.288E-20
  0.580E+03  0.237E+14  0.175E-20  0.175E-20
  0.693E+03  0.287E+14  0.108E-20  0.108E-20
  0.960E+03  0.410E+14  0.442E-21  0.442E-21
  0.110E+04  0.477E+14  0.303E-21  0.303E-21
  0.127E+04  0.564E+14  0.200E-21  0.200E-21
  0.152E+04  0.699E+14  0.117E-21  0.117E-21
  0.200E+04  0.988E+14  0.492E-22  0.492E-22
