 DENS, T, fainum_exp
  0.100E+11  0.250E+04  0.639E+14
 lAMBDA, n, np
  0.913E+03  0.100E+01  0.260E+02
 31
  0.000E+00  0.000E+00  0.789E-11  0.947E-10
  0.366E-04  0.132E+09  0.789E-11  0.946E-10
  0.580E-04  0.209E+09  0.789E-11  0.946E-10
  0.920E-04  0.331E+09  0.789E-11  0.943E-10
  0.146E-03  0.524E+09  0.789E-11  0.937E-10
  0.231E-03  0.830E+09  0.789E-11  0.922E-10
  0.366E-03  0.132E+10  0.789E-11  0.886E-10
  0.580E-03  0.209E+10  0.789E-11  0.800E-10
  0.920E-03  0.331E+10  0.788E-11  0.617E-10
  0.146E-02  0.524E+10  0.785E-11  0.347E-10
  0.231E-02  0.830E+10  0.779E-11  0.130E-10
  0.366E-02  0.132E+11  0.763E-11  0.394E-11
  0.580E-02  0.209E+11  0.725E-11  0.117E-11
  0.919E-02  0.331E+11  0.637E-11  0.354E-12
  0.146E-01  0.524E+11  0.461E-11  0.109E-12
  0.231E-01  0.830E+11  0.205E-11  0.326E-13
  0.366E-01  0.132E+12  0.278E-12  0.103E-13
  0.579E-01  0.208E+12  0.611E-14  0.324E-14
  0.918E-01  0.330E+12  0.114E-14  0.102E-14
  0.145E+00  0.522E+12  0.338E-15  0.324E-15
  0.230E+00  0.826E+12  0.105E-15  0.103E-15
  0.363E+00  0.131E+13  0.330E-16  0.328E-16
  0.572E+00  0.206E+13  0.105E-16  0.105E-16
  0.899E+00  0.324E+13  0.342E-17  0.341E-17
  0.143E+01  0.516E+13  0.106E-17  0.106E-17
  0.228E+01  0.821E+13  0.331E-18  0.331E-18
  0.358E+01  0.129E+14  0.106E-18  0.106E-18
  0.569E+01  0.206E+14  0.332E-19  0.332E-19
  0.891E+01  0.324E+14  0.107E-19  0.107E-19
  0.141E+02  0.516E+14  0.334E-20  0.334E-20
  0.220E+02  0.810E+14  0.108E-20  0.108E-20
