 DENS, T, fainum_exp
  0.100E+11  0.250E+04  0.639E+14
 lAMBDA, n, np
  0.913E+03  0.100E+01  0.260E+02

  0.000E+00  0.729E-14  0.874E-13  0.228E+19
  0.143E+12  0.729E-14  0.874E-13  0.228E+19
  0.226E+12  0.729E-14  0.873E-13  0.228E+19
  0.358E+12  0.729E-14  0.871E-13  0.228E+19
  0.567E+12  0.729E-14  0.865E-13  0.228E+19
  0.899E+12  0.729E-14  0.852E-13  0.228E+19
  0.143E+13  0.729E-14  0.818E-13  0.228E+19
  0.226E+13  0.729E-14  0.738E-13  0.228E+19
  0.358E+13  0.728E-14  0.570E-13  0.228E+19
  0.567E+13  0.725E-14  0.320E-13  0.228E+19
  0.899E+13  0.719E-14  0.120E-13  0.228E+19
  0.143E+14  0.705E-14  0.364E-14  0.228E+19
  0.226E+14  0.669E-14  0.108E-14  0.228E+19
  0.358E+14  0.588E-14  0.327E-15  0.228E+19
  0.567E+14  0.426E-14  0.101E-15  0.228E+19
  0.899E+14  0.189E-14  0.301E-16  0.228E+19
  0.142E+15  0.256E-15  0.947E-17  0.228E+19
  0.226E+15  0.564E-17  0.299E-17  0.228E+19
  0.357E+15  0.105E-17  0.944E-18  0.228E+19
  0.566E+15  0.312E-18  0.299E-18  0.228E+19
  0.894E+15  0.965E-19  0.950E-19  0.228E+19
  0.141E+16  0.304E-19  0.303E-19  0.228E+19
  0.223E+16  0.970E-20  0.967E-20  0.228E+19
  0.350E+16  0.316E-20  0.315E-20  0.228E+19
  0.559E+16  0.976E-21  0.976E-21  0.228E+19
  0.889E+16  0.306E-21  0.306E-21  0.228E+19
  0.140E+17  0.983E-22  0.983E-22  0.228E+19
  0.223E+17  0.307E-22  0.307E-22  0.228E+19
  0.350E+17  0.990E-23  0.990E-23  0.228E+19
  0.559E+17  0.309E-23  0.309E-23  0.228E+19
  0.877E+17  0.999E-24  0.999E-24  0.228E+19
