 DENS, T, fainum_exp
  0.100E+11  0.250E+04  0.178E+14
 lAMBDA, n, np
  0.915E+03  0.100E+01  0.170E+02
 34
  0.000E+00  0.000E+00  0.800E-11  0.261E-09
  0.920E-05  0.329E+08  0.800E-11  0.261E-09
  0.146E-04  0.522E+08  0.800E-11  0.261E-09
  0.231E-04  0.827E+08  0.800E-11  0.260E-09
  0.366E-04  0.131E+09  0.800E-11  0.259E-09
  0.580E-04  0.208E+09  0.800E-11  0.257E-09
  0.920E-04  0.329E+09  0.800E-11  0.251E-09
  0.146E-03  0.522E+09  0.800E-11  0.238E-09
  0.231E-03  0.827E+09  0.800E-11  0.208E-09
  0.366E-03  0.131E+10  0.800E-11  0.152E-09
  0.580E-03  0.208E+10  0.799E-11  0.810E-10
  0.919E-03  0.329E+10  0.798E-11  0.301E-10
  0.146E-02  0.522E+10  0.795E-11  0.934E-11
  0.231E-02  0.827E+10  0.789E-11  0.286E-11
  0.366E-02  0.131E+11  0.773E-11  0.898E-12
  0.579E-02  0.208E+11  0.734E-11  0.286E-12
  0.918E-02  0.329E+11  0.644E-11  0.904E-13
  0.145E-01  0.520E+11  0.465E-11  0.292E-13
  0.230E-01  0.823E+11  0.206E-11  0.919E-14
  0.363E-01  0.130E+12  0.269E-12  0.292E-14
  0.572E-01  0.205E+12  0.283E-14  0.933E-15
  0.900E-01  0.322E+12  0.339E-15  0.300E-15
  0.143E+00  0.514E+12  0.977E-16  0.937E-16
  0.225E+00  0.807E+12  0.308E-16  0.303E-16
  0.359E+00  0.129E+13  0.948E-17  0.942E-17
  0.572E+00  0.205E+13  0.295E-17  0.294E-17
  0.899E+00  0.322E+13  0.961E-18  0.960E-18
  0.143E+01  0.514E+13  0.297E-18  0.297E-18
  0.225E+01  0.807E+13  0.962E-19  0.962E-19
  0.358E+01  0.129E+14  0.299E-19  0.299E-19
  0.569E+01  0.205E+14  0.935E-20  0.935E-20
  0.891E+01  0.322E+14  0.301E-20  0.301E-20
  0.141E+02  0.514E+14  0.940E-21  0.940E-21
  0.220E+02  0.807E+14  0.304E-21  0.304E-21
