 DENS, T, fainum_exp
  0.100E+11  0.250E+04  0.178E+14
 lAMBDA, n, np
  0.915E+03  0.100E+01  0.170E+02

  0.000E+00  0.739E-14  0.241E-12  0.634E+18
  0.357E+11  0.739E-14  0.241E-12  0.634E+18
  0.565E+11  0.739E-14  0.241E-12  0.634E+18
  0.896E+11  0.739E-14  0.240E-12  0.634E+18
  0.142E+12  0.739E-14  0.240E-12  0.634E+18
  0.225E+12  0.739E-14  0.237E-12  0.634E+18
  0.357E+12  0.739E-14  0.232E-12  0.634E+18
  0.565E+12  0.739E-14  0.219E-12  0.634E+18
  0.896E+12  0.739E-14  0.192E-12  0.634E+18
  0.142E+13  0.739E-14  0.141E-12  0.634E+18
  0.225E+13  0.738E-14  0.748E-13  0.634E+18
  0.357E+13  0.737E-14  0.278E-13  0.634E+18
  0.565E+13  0.735E-14  0.862E-14  0.634E+18
  0.895E+13  0.728E-14  0.264E-14  0.634E+18
  0.142E+14  0.714E-14  0.829E-15  0.634E+18
  0.225E+14  0.678E-14  0.264E-15  0.634E+18
  0.356E+14  0.595E-14  0.835E-16  0.634E+18
  0.563E+14  0.429E-14  0.269E-16  0.634E+18
  0.891E+14  0.190E-14  0.848E-17  0.634E+18
  0.141E+15  0.248E-15  0.270E-17  0.634E+18
  0.222E+15  0.261E-17  0.862E-18  0.634E+18
  0.349E+15  0.313E-18  0.277E-18  0.634E+18
  0.556E+15  0.903E-19  0.865E-19  0.634E+18
  0.874E+15  0.284E-19  0.279E-19  0.634E+18
  0.139E+16  0.876E-20  0.870E-20  0.634E+18
  0.222E+16  0.273E-20  0.272E-20  0.634E+18
  0.349E+16  0.887E-21  0.887E-21  0.634E+18
  0.556E+16  0.275E-21  0.275E-21  0.634E+18
  0.874E+16  0.888E-22  0.888E-22  0.634E+18
  0.139E+17  0.276E-22  0.276E-22  0.634E+18
  0.222E+17  0.863E-23  0.863E-23  0.634E+18
  0.349E+17  0.278E-23  0.278E-23  0.634E+18
  0.556E+17  0.868E-24  0.868E-24  0.634E+18
  0.874E+17  0.281E-24  0.281E-24  0.634E+18
