 DENS, T, fainum_exp
  0.100E+11  0.250E+04  0.178E+14
 lAMBDA, n, np
  0.847E+04  0.300E+01  0.170E+02
 55
  0.000E+00  0.000E+00  0.665E-10  0.261E-09
  0.366E-04  0.153E+07  0.665E-10  0.261E-09
  0.580E-04  0.242E+07  0.665E-10  0.261E-09
  0.920E-04  0.384E+07  0.665E-10  0.261E-09
  0.146E-03  0.609E+07  0.665E-10  0.261E-09
  0.231E-03  0.965E+07  0.665E-10  0.261E-09
  0.366E-03  0.153E+08  0.665E-10  0.261E-09
  0.580E-03  0.242E+08  0.665E-10  0.261E-09
  0.920E-03  0.384E+08  0.665E-10  0.261E-09
  0.146E-02  0.609E+08  0.665E-10  0.260E-09
  0.231E-02  0.965E+08  0.665E-10  0.260E-09
  0.366E-02  0.153E+09  0.664E-10  0.259E-09
  0.580E-02  0.242E+09  0.664E-10  0.255E-09
  0.919E-02  0.384E+09  0.663E-10  0.247E-09
  0.146E-01  0.609E+09  0.661E-10  0.227E-09
  0.231E-01  0.965E+09  0.655E-10  0.187E-09
  0.366E-01  0.153E+10  0.642E-10  0.123E-09
  0.579E-01  0.242E+10  0.608E-10  0.582E-10
  0.917E-01  0.383E+10  0.532E-10  0.204E-10
  0.145E+00  0.607E+10  0.382E-10  0.633E-11
  0.230E+00  0.960E+10  0.170E-10  0.196E-11
  0.363E+00  0.152E+11  0.272E-11  0.624E-12
  0.572E+00  0.239E+11  0.275E-12  0.200E-12
  0.898E+00  0.376E+11  0.715E-13  0.649E-13
  0.141E+01  0.587E+11  0.221E-13  0.213E-13
  0.218E+01  0.912E+11  0.714E-14  0.703E-14
  0.335E+01  0.140E+12  0.240E-14  0.239E-14
  0.505E+01  0.211E+12  0.848E-15  0.846E-15
  0.745E+01  0.311E+12  0.318E-15  0.318E-15
  0.829E+01  0.347E+12  0.247E-15  0.247E-15
  0.106E+02  0.444E+12  0.130E-15  0.130E-15
  0.124E+02  0.520E+12  0.888E-16  0.888E-16
  0.181E+02  0.758E+12  0.342E-16  0.342E-16
  0.205E+02  0.857E+12  0.256E-16  0.256E-16
  0.304E+02  0.127E+13  0.940E-17  0.940E-17
  0.438E+02  0.184E+13  0.374E-17  0.374E-17
  0.503E+02  0.211E+13  0.268E-17  0.268E-17
  0.739E+02  0.311E+13  0.990E-18  0.990E-18
  0.821E+02  0.347E+13  0.767E-18  0.767E-18
  0.105E+03  0.444E+13  0.429E-18  0.429E-18
  0.123E+03  0.520E+13  0.291E-18  0.291E-18
  0.178E+03  0.758E+13  0.112E-18  0.112E-18
  0.200E+03  0.857E+13  0.828E-19  0.828E-19
  0.248E+03  0.107E+14  0.477E-19  0.477E-19
  0.294E+03  0.127E+14  0.307E-19  0.307E-19
  0.418E+03  0.184E+14  0.123E-19  0.123E-19
  0.477E+03  0.211E+14  0.867E-20  0.867E-20
  0.570E+03  0.255E+14  0.539E-20  0.539E-20
  0.685E+03  0.311E+14  0.329E-20  0.329E-20
  0.755E+03  0.347E+14  0.251E-20  0.251E-20
  0.944E+03  0.444E+14  0.135E-20  0.135E-20
  0.108E+04  0.520E+14  0.914E-21  0.914E-21
  0.124E+04  0.608E+14  0.617E-21  0.617E-21
  0.149E+04  0.758E+14  0.355E-21  0.355E-21
  0.196E+04  0.107E+15  0.151E-21  0.151E-21
