 DENS, T, fainum_exp
  0.100E+11  0.250E+04  0.178E+14
 lAMBDA, n, np
  0.847E+04  0.300E+01  0.170E+02

  0.000E+00  0.614E-13  0.241E-12  0.634E+18
  0.166E+10  0.614E-13  0.241E-12  0.634E+18
  0.263E+10  0.614E-13  0.241E-12  0.634E+18
  0.416E+10  0.614E-13  0.241E-12  0.634E+18
  0.660E+10  0.614E-13  0.241E-12  0.634E+18
  0.105E+11  0.614E-13  0.241E-12  0.634E+18
  0.166E+11  0.614E-13  0.241E-12  0.634E+18
  0.263E+11  0.614E-13  0.241E-12  0.634E+18
  0.416E+11  0.614E-13  0.241E-12  0.634E+18
  0.660E+11  0.614E-13  0.241E-12  0.634E+18
  0.105E+12  0.614E-13  0.240E-12  0.634E+18
  0.166E+12  0.613E-13  0.239E-12  0.634E+18
  0.263E+12  0.613E-13  0.236E-12  0.634E+18
  0.416E+12  0.612E-13  0.228E-12  0.634E+18
  0.659E+12  0.610E-13  0.210E-12  0.634E+18
  0.104E+13  0.605E-13  0.173E-12  0.634E+18
  0.166E+13  0.592E-13  0.114E-12  0.634E+18
  0.262E+13  0.562E-13  0.538E-13  0.634E+18
  0.415E+13  0.491E-13  0.189E-13  0.634E+18
  0.657E+13  0.353E-13  0.584E-14  0.634E+18
  0.104E+14  0.157E-13  0.181E-14  0.634E+18
  0.164E+14  0.251E-14  0.576E-15  0.634E+18
  0.259E+14  0.254E-15  0.185E-15  0.634E+18
  0.407E+14  0.660E-16  0.599E-16  0.634E+18
  0.636E+14  0.204E-16  0.197E-16  0.634E+18
  0.987E+14  0.659E-17  0.649E-17  0.634E+18
  0.152E+15  0.222E-17  0.221E-17  0.634E+18
  0.229E+15  0.783E-18  0.781E-18  0.634E+18
  0.337E+15  0.294E-18  0.293E-18  0.634E+18
  0.375E+15  0.228E-18  0.228E-18  0.634E+18
  0.481E+15  0.120E-18  0.120E-18  0.634E+18
  0.563E+15  0.820E-19  0.820E-19  0.634E+18
  0.821E+15  0.316E-19  0.316E-19  0.634E+18
  0.928E+15  0.236E-19  0.236E-19  0.634E+18
  0.138E+16  0.868E-20  0.868E-20  0.634E+18
  0.199E+16  0.345E-20  0.345E-20  0.634E+18
  0.229E+16  0.247E-20  0.247E-20  0.634E+18
  0.337E+16  0.914E-21  0.914E-21  0.634E+18
  0.375E+16  0.708E-21  0.708E-21  0.634E+18
  0.481E+16  0.396E-21  0.396E-21  0.634E+18
  0.563E+16  0.268E-21  0.268E-21  0.634E+18
  0.821E+16  0.104E-21  0.104E-21  0.634E+18
  0.928E+16  0.765E-22  0.765E-22  0.634E+18
  0.116E+17  0.441E-22  0.441E-22  0.634E+18
  0.138E+17  0.283E-22  0.283E-22  0.634E+18
  0.199E+17  0.113E-22  0.113E-22  0.634E+18
  0.229E+17  0.801E-23  0.801E-23  0.634E+18
  0.277E+17  0.498E-23  0.498E-23  0.634E+18
  0.337E+17  0.303E-23  0.303E-23  0.634E+18
  0.375E+17  0.232E-23  0.232E-23  0.634E+18
  0.481E+17  0.125E-23  0.125E-23  0.634E+18
  0.563E+17  0.844E-24  0.844E-24  0.634E+18
  0.658E+17  0.570E-24  0.570E-24  0.634E+18
  0.821E+17  0.328E-24  0.328E-24  0.634E+18
  0.116E+18  0.139E-24  0.139E-24  0.634E+18
