 DENS, T, fainum_exp
  0.100E+11  0.250E+04  0.290E+14
 lAMBDA, n, np
  0.914E+03  0.100E+01  0.200E+02
 33
  0.000E+00  0.000E+00  0.797E-11  0.177E-09
  0.146E-04  0.523E+08  0.797E-11  0.177E-09
  0.231E-04  0.829E+08  0.797E-11  0.177E-09
  0.366E-04  0.131E+09  0.797E-11  0.177E-09
  0.580E-04  0.208E+09  0.797E-11  0.176E-09
  0.920E-04  0.330E+09  0.797E-11  0.174E-09
  0.146E-03  0.523E+09  0.797E-11  0.170E-09
  0.231E-03  0.829E+09  0.797E-11  0.160E-09
  0.366E-03  0.131E+10  0.797E-11  0.137E-09
  0.580E-03  0.208E+10  0.796E-11  0.964E-10
  0.920E-03  0.330E+10  0.795E-11  0.478E-10
  0.146E-02  0.523E+10  0.792E-11  0.167E-10
  0.231E-02  0.829E+10  0.786E-11  0.509E-11
  0.366E-02  0.131E+11  0.770E-11  0.155E-11
  0.580E-02  0.208E+11  0.731E-11  0.484E-12
  0.919E-02  0.330E+11  0.642E-11  0.153E-12
  0.146E-01  0.522E+11  0.463E-11  0.478E-13
  0.230E-01  0.827E+11  0.205E-11  0.149E-13
  0.365E-01  0.131E+12  0.267E-12  0.470E-14
  0.576E-01  0.207E+12  0.358E-14  0.149E-14
  0.910E-01  0.327E+12  0.533E-15  0.475E-15
  0.143E+00  0.515E+12  0.159E-15  0.152E-15
  0.225E+00  0.808E+12  0.499E-16  0.491E-16
  0.359E+00  0.129E+13  0.154E-16  0.153E-16
  0.572E+00  0.205E+13  0.479E-17  0.478E-17
  0.899E+00  0.323E+13  0.156E-17  0.156E-17
  0.143E+01  0.515E+13  0.483E-18  0.483E-18
  0.225E+01  0.808E+13  0.156E-18  0.156E-18
  0.358E+01  0.129E+14  0.486E-19  0.486E-19
  0.569E+01  0.205E+14  0.152E-19  0.152E-19
  0.891E+01  0.323E+14  0.489E-20  0.489E-20
  0.141E+02  0.515E+14  0.153E-20  0.153E-20
  0.220E+02  0.808E+14  0.494E-21  0.494E-21
