 DENS, T, fainum_exp
  0.100E+11  0.250E+04  0.290E+14
 lAMBDA, n, np
  0.914E+03  0.100E+01  0.200E+02

  0.000E+00  0.736E-14  0.164E-12  0.103E+19
  0.566E+11  0.736E-14  0.164E-12  0.103E+19
  0.898E+11  0.736E-14  0.163E-12  0.103E+19
  0.142E+12  0.736E-14  0.163E-12  0.103E+19
  0.225E+12  0.736E-14  0.163E-12  0.103E+19
  0.357E+12  0.736E-14  0.161E-12  0.103E+19
  0.566E+12  0.736E-14  0.157E-12  0.103E+19
  0.898E+12  0.736E-14  0.147E-12  0.103E+19
  0.142E+13  0.736E-14  0.127E-12  0.103E+19
  0.225E+13  0.735E-14  0.890E-13  0.103E+19
  0.357E+13  0.734E-14  0.442E-13  0.103E+19
  0.566E+13  0.732E-14  0.155E-13  0.103E+19
  0.897E+13  0.726E-14  0.470E-14  0.103E+19
  0.142E+14  0.711E-14  0.143E-14  0.103E+19
  0.225E+14  0.675E-14  0.447E-15  0.103E+19
  0.357E+14  0.592E-14  0.141E-15  0.103E+19
  0.565E+14  0.428E-14  0.441E-16  0.103E+19
  0.895E+14  0.189E-14  0.137E-16  0.103E+19
  0.142E+15  0.247E-15  0.434E-17  0.103E+19
  0.224E+15  0.330E-17  0.138E-17  0.103E+19
  0.354E+15  0.492E-18  0.439E-18  0.103E+19
  0.557E+15  0.147E-18  0.140E-18  0.103E+19
  0.875E+15  0.461E-19  0.454E-19  0.103E+19
  0.140E+16  0.142E-19  0.141E-19  0.103E+19
  0.222E+16  0.443E-20  0.441E-20  0.103E+19
  0.350E+16  0.144E-20  0.144E-20  0.103E+19
  0.557E+16  0.446E-21  0.446E-21  0.103E+19
  0.875E+16  0.144E-21  0.144E-21  0.103E+19
  0.140E+17  0.448E-22  0.448E-22  0.103E+19
  0.222E+17  0.140E-22  0.140E-22  0.103E+19
  0.350E+17  0.452E-23  0.452E-23  0.103E+19
  0.557E+17  0.141E-23  0.141E-23  0.103E+19
  0.875E+17  0.456E-24  0.456E-24  0.103E+19
