 DENS, T, fainum_exp
  0.100E+11  0.250E+04  0.982E+14
 lAMBDA, n, np
  0.913E+03  0.100E+01  0.300E+02
 29
  0.000E+00  0.000E+00  0.783E-11  0.674E-10
  0.580E-04  0.209E+09  0.783E-11  0.674E-10
  0.920E-04  0.331E+09  0.783E-11  0.673E-10
  0.146E-03  0.524E+09  0.783E-11  0.672E-10
  0.231E-03  0.831E+09  0.783E-11  0.667E-10
  0.366E-03  0.132E+10  0.783E-11  0.655E-10
  0.580E-03  0.209E+10  0.782E-11  0.625E-10
  0.920E-03  0.331E+10  0.781E-11  0.551E-10
  0.146E-02  0.524E+10  0.778E-11  0.398E-10
  0.231E-02  0.831E+10  0.772E-11  0.197E-10
  0.366E-02  0.132E+11  0.757E-11  0.664E-11
  0.580E-02  0.209E+11  0.719E-11  0.194E-11
  0.920E-02  0.331E+11  0.633E-11  0.569E-12
  0.146E-01  0.524E+11  0.460E-11  0.172E-12
  0.231E-01  0.831E+11  0.207E-11  0.508E-13
  0.366E-01  0.132E+12  0.292E-12  0.158E-13
  0.580E-01  0.209E+12  0.866E-14  0.496E-14
  0.919E-01  0.331E+12  0.175E-14  0.157E-14
  0.145E+00  0.524E+12  0.516E-15  0.495E-15
  0.230E+00  0.829E+12  0.159E-15  0.157E-15
  0.364E+00  0.131E+13  0.500E-16  0.497E-16
  0.576E+00  0.207E+13  0.158E-16  0.158E-16
  0.910E+00  0.328E+13  0.507E-17  0.507E-17
  0.143E+01  0.516E+13  0.162E-17  0.162E-17
  0.225E+01  0.811E+13  0.525E-18  0.525E-18
  0.358E+01  0.129E+14  0.163E-18  0.163E-18
  0.569E+01  0.206E+14  0.510E-19  0.510E-19
  0.891E+01  0.324E+14  0.165E-19  0.165E-19
  0.141E+02  0.516E+14  0.513E-20  0.513E-20
