 130   912.78 3.256E-02 1.000E+10 5.808E-03 2.500E+03 8.338E-02 0.000E+00 1.633E-01 1.408E+00
 130   912.78 3.256E-02 1.000E+10 5.808E-03 2.500E+03 8.338E-02 1.585E-02 1.633E-01 1.406E+00
 130   912.78 3.256E-02 1.000E+10 5.808E-03 2.500E+03 8.338E-02 2.512E-02 1.633E-01 1.402E+00
 130   912.78 3.256E-02 1.000E+10 5.808E-03 2.500E+03 8.338E-02 3.981E-02 1.633E-01 1.392E+00
 130   912.78 3.256E-02 1.000E+10 5.808E-03 2.500E+03 8.338E-02 6.310E-02 1.633E-01 1.367E+00
 130   912.78 3.256E-02 1.000E+10 5.808E-03 2.500E+03 8.338E-02 1.000E-01 1.632E-01 1.304E+00
 130   912.78 3.256E-02 1.000E+10 5.808E-03 2.500E+03 8.338E-02 1.585E-01 1.630E-01 1.151E+00
 130   912.78 3.256E-02 1.000E+10 5.808E-03 2.500E+03 8.338E-02 2.512E-01 1.624E-01 8.312E-01
 130   912.78 3.256E-02 1.000E+10 5.808E-03 2.500E+03 8.338E-02 3.981E-01 1.611E-01 4.119E-01
 130   912.78 3.256E-02 1.000E+10 5.808E-03 2.500E+03 8.338E-02 6.310E-01 1.579E-01 1.386E-01
 130   912.78 3.256E-02 1.000E+10 5.808E-03 2.500E+03 8.338E-02 1.000E+00 1.501E-01 4.043E-02
 130   912.78 3.256E-02 1.000E+10 5.808E-03 2.500E+03 8.338E-02 1.585E+00 1.321E-01 1.188E-02
 130   912.78 3.256E-02 1.000E+10 5.808E-03 2.500E+03 8.338E-02 2.512E+00 9.599E-02 3.580E-03
 130   912.78 3.256E-02 1.000E+10 5.808E-03 2.500E+03 8.338E-02 3.981E+00 4.318E-02 1.061E-03
 130   912.78 3.256E-02 1.000E+10 5.808E-03 2.500E+03 8.338E-02 6.310E+00 6.091E-03 3.291E-04
 130   912.78 3.256E-02 1.000E+10 5.808E-03 2.500E+03 8.338E-02 1.000E+01 1.805E-04 1.035E-04
 130   912.78 3.256E-02 1.000E+10 5.808E-03 2.500E+03 8.338E-02 1.585E+01 3.645E-05 3.264E-05
 130   912.78 3.256E-02 1.000E+10 5.808E-03 2.500E+03 8.338E-02 2.512E+01 1.074E-05 1.031E-05
 130   912.78 3.256E-02 1.000E+10 5.808E-03 2.500E+03 8.338E-02 3.981E+01 3.310E-06 3.258E-06
 130   912.78 3.256E-02 1.000E+10 5.808E-03 2.500E+03 8.338E-02 6.310E+01 1.036E-06 1.030E-06
 130   912.78 3.256E-02 1.000E+10 5.808E-03 2.500E+03 8.338E-02 1.000E+02 3.265E-07 3.257E-07
 130   912.78 3.256E-02 1.000E+10 5.808E-03 2.500E+03 8.338E-02 1.585E+02 1.031E-07 1.030E-07
 130   912.78 3.256E-02 1.000E+10 5.808E-03 5.000E+03 5.896E-02 0.000E+00 1.165E-01 1.464E+00
 130   912.78 3.256E-02 1.000E+10 5.808E-03 5.000E+03 5.896E-02 1.585E-02 1.165E-01 1.462E+00
 130   912.78 3.256E-02 1.000E+10 5.808E-03 5.000E+03 5.896E-02 2.512E-02 1.165E-01 1.458E+00
 130   912.78 3.256E-02 1.000E+10 5.808E-03 5.000E+03 5.896E-02 3.981E-02 1.165E-01 1.446E+00
 130   912.78 3.256E-02 1.000E+10 5.808E-03 5.000E+03 5.896E-02 6.310E-02 1.165E-01 1.416E+00
 130   912.78 3.256E-02 1.000E+10 5.808E-03 5.000E+03 5.896E-02 1.000E-01 1.165E-01 1.344E+00
 130   912.78 3.256E-02 1.000E+10 5.808E-03 5.000E+03 5.896E-02 1.585E-01 1.164E-01 1.168E+00
 130   912.78 3.256E-02 1.000E+10 5.808E-03 5.000E+03 5.896E-02 2.512E-01 1.162E-01 8.215E-01
 130   912.78 3.256E-02 1.000E+10 5.808E-03 5.000E+03 5.896E-02 3.981E-01 1.158E-01 3.944E-01
 130   912.78 3.256E-02 1.000E+10 5.808E-03 5.000E+03 5.896E-02 6.310E-01 1.146E-01 1.314E-01
 130   912.78 3.256E-02 1.000E+10 5.808E-03 5.000E+03 5.896E-02 1.000E+00 1.117E-01 3.875E-02
 130   912.78 3.256E-02 1.000E+10 5.808E-03 5.000E+03 5.896E-02 1.585E+00 1.047E-01 1.156E-02
 130   912.78 3.256E-02 1.000E+10 5.808E-03 5.000E+03 5.896E-02 2.512E+00 8.898E-02 3.533E-03
 130   912.78 3.256E-02 1.000E+10 5.808E-03 5.000E+03 5.896E-02 3.981E+00 5.921E-02 1.061E-03
 130   912.78 3.256E-02 1.000E+10 5.808E-03 5.000E+03 5.896E-02 6.310E+00 2.137E-02 3.292E-04
 130   912.78 3.256E-02 1.000E+10 5.808E-03 5.000E+03 5.896E-02 1.000E+01 1.768E-03 1.035E-04
 130   912.78 3.256E-02 1.000E+10 5.808E-03 5.000E+03 5.896E-02 1.585E+01 4.472E-05 3.264E-05
 130   912.78 3.256E-02 1.000E+10 5.808E-03 5.000E+03 5.896E-02 2.512E+01 1.123E-05 1.031E-05
 130   912.78 3.256E-02 1.000E+10 5.808E-03 5.000E+03 5.896E-02 3.981E+01 3.364E-06 3.258E-06
 130   912.78 3.256E-02 1.000E+10 5.808E-03 5.000E+03 5.896E-02 6.310E+01 1.043E-06 1.030E-06
 130   912.78 3.256E-02 1.000E+10 5.808E-03 5.000E+03 5.896E-02 1.000E+02 3.273E-07 3.257E-07
 130   912.78 3.256E-02 1.000E+10 5.808E-03 5.000E+03 5.896E-02 1.585E+02 1.032E-07 1.030E-07
 130   912.78 3.256E-02 1.000E+10 5.808E-03 1.000E+04 4.169E-02 0.000E+00 8.286E-02 1.534E+00
 130   912.78 3.256E-02 1.000E+10 5.808E-03 1.000E+04 4.169E-02 1.585E-02 8.286E-02 1.531E+00
 130   912.78 3.256E-02 1.000E+10 5.808E-03 1.000E+04 4.169E-02 2.512E-02 8.286E-02 1.526E+00
 130   912.78 3.256E-02 1.000E+10 5.808E-03 1.000E+04 4.169E-02 3.981E-02 8.285E-02 1.512E+00
 130   912.78 3.256E-02 1.000E+10 5.808E-03 1.000E+04 4.169E-02 6.310E-02 8.285E-02 1.477E+00
 130   912.78 3.256E-02 1.000E+10 5.808E-03 1.000E+04 4.169E-02 1.000E-01 8.284E-02 1.391E+00
 130   912.78 3.256E-02 1.000E+10 5.808E-03 1.000E+04 4.169E-02 1.585E-01 8.281E-02 1.189E+00
 130   912.78 3.256E-02 1.000E+10 5.808E-03 1.000E+04 4.169E-02 2.512E-01 8.275E-02 8.098E-01
 130   912.78 3.256E-02 1.000E+10 5.808E-03 1.000E+04 4.169E-02 3.981E-01 8.257E-02 3.745E-01
 130   912.78 3.256E-02 1.000E+10 5.808E-03 1.000E+04 4.169E-02 6.310E-01 8.215E-02 1.231E-01
 130   912.78 3.256E-02 1.000E+10 5.808E-03 1.000E+04 4.169E-02 1.000E+00 8.109E-02 3.657E-02
 130   912.78 3.256E-02 1.000E+10 5.808E-03 1.000E+04 4.169E-02 1.585E+00 7.849E-02 1.107E-02
 130   912.78 3.256E-02 1.000E+10 5.808E-03 1.000E+04 4.169E-02 2.512E+00 7.231E-02 3.435E-03
 130   912.78 3.256E-02 1.000E+10 5.808E-03 1.000E+04 4.169E-02 3.981E+00 5.887E-02 1.078E-03
 130   912.78 3.256E-02 1.000E+10 5.808E-03 1.000E+04 4.169E-02 6.310E+00 3.514E-02 3.292E-04
 130   912.78 3.256E-02 1.000E+10 5.808E-03 1.000E+04 4.169E-02 1.000E+01 9.657E-03 1.035E-04
 130   912.78 3.256E-02 1.000E+10 5.808E-03 1.000E+04 4.169E-02 1.585E+01 4.182E-04 3.264E-05
 130   912.78 3.256E-02 1.000E+10 5.808E-03 1.000E+04 4.169E-02 2.512E+01 1.259E-05 1.031E-05
 130   912.78 3.256E-02 1.000E+10 5.808E-03 1.000E+04 4.169E-02 3.981E+01 3.484E-06 3.258E-06
 130   912.78 3.256E-02 1.000E+10 5.808E-03 1.000E+04 4.169E-02 6.310E+01 1.056E-06 1.030E-06
 130   912.78 3.256E-02 1.000E+10 5.808E-03 1.000E+04 4.169E-02 1.000E+02 3.290E-07 3.257E-07
 130   912.78 3.256E-02 1.000E+10 5.808E-03 1.000E+04 4.169E-02 1.585E+02 1.034E-07 1.030E-07
 130   912.78 3.256E-02 1.000E+10 5.808E-03 1.000E+04 4.169E-02 2.512E+02 3.263E-08 3.258E-08
 130   912.78 3.256E-02 1.000E+10 5.808E-03 1.995E+04 2.951E-02 0.000E+00 5.885E-02 1.613E+00
 130   912.78 3.256E-02 1.000E+10 5.808E-03 1.995E+04 2.951E-02 1.000E-02 5.885E-02 1.612E+00
 130   912.78 3.256E-02 1.000E+10 5.808E-03 1.995E+04 2.951E-02 1.585E-02 5.885E-02 1.610E+00
 130   912.78 3.256E-02 1.000E+10 5.808E-03 1.995E+04 2.951E-02 2.512E-02 5.885E-02 1.603E+00
 130   912.78 3.256E-02 1.000E+10 5.808E-03 1.995E+04 2.951E-02 3.981E-02 5.885E-02 1.586E+00
 130   912.78 3.256E-02 1.000E+10 5.808E-03 1.995E+04 2.951E-02 6.310E-02 5.885E-02 1.544E+00
 130   912.78 3.256E-02 1.000E+10 5.808E-03 1.995E+04 2.951E-02 1.000E-01 5.885E-02 1.442E+00
 130   912.78 3.256E-02 1.000E+10 5.808E-03 1.995E+04 2.951E-02 1.585E-01 5.884E-02 1.210E+00
 130   912.78 3.256E-02 1.000E+10 5.808E-03 1.995E+04 2.951E-02 2.512E-01 5.881E-02 7.958E-01
 130   912.78 3.256E-02 1.000E+10 5.808E-03 1.995E+04 2.951E-02 3.981E-01 5.875E-02 3.535E-01
 130   912.78 3.256E-02 1.000E+10 5.808E-03 1.995E+04 2.951E-02 6.310E-01 5.860E-02 1.145E-01
 130   912.78 3.256E-02 1.000E+10 5.808E-03 1.995E+04 2.951E-02 1.000E+00 5.822E-02 3.418E-02
 130   912.78 3.256E-02 1.000E+10 5.808E-03 1.995E+04 2.951E-02 1.585E+00 5.727E-02 1.045E-02
 130   912.78 3.256E-02 1.000E+10 5.808E-03 1.995E+04 2.951E-02 2.512E+00 5.495E-02 3.294E-03
 130   912.78 3.256E-02 1.000E+10 5.808E-03 1.995E+04 2.951E-02 3.981E+00 4.954E-02 1.047E-03
 130   912.78 3.256E-02 1.000E+10 5.808E-03 1.995E+04 2.951E-02 6.310E+00 3.819E-02 3.303E-04
 130   912.78 3.256E-02 1.000E+10 5.808E-03 1.995E+04 2.951E-02 1.000E+01 1.987E-02 1.035E-04
 130   912.78 3.256E-02 1.000E+10 5.808E-03 1.995E+04 2.951E-02 1.585E+01 3.874E-03 3.264E-05
 130   912.78 3.256E-02 1.000E+10 5.808E-03 1.995E+04 2.951E-02 2.512E+01 7.762E-05 1.031E-05
 130   912.78 3.256E-02 1.000E+10 5.808E-03 1.995E+04 2.951E-02 3.981E+01 3.767E-06 3.258E-06
 130   912.78 3.256E-02 1.000E+10 5.808E-03 1.995E+04 2.951E-02 6.310E+01 1.085E-06 1.030E-06
 130   912.78 3.256E-02 1.000E+10 5.808E-03 1.995E+04 2.951E-02 1.000E+02 3.323E-07 3.257E-07
 130   912.78 3.256E-02 1.000E+10 5.808E-03 1.995E+04 2.951E-02 1.585E+02 1.038E-07 1.030E-07
 130   912.78 3.256E-02 1.000E+10 5.808E-03 1.995E+04 2.951E-02 2.512E+02 3.268E-08 3.258E-08
 130   912.78 3.256E-02 1.000E+10 5.808E-03 1.995E+04 2.951E-02 3.981E+02 1.032E-08 1.031E-08
 130   912.78 3.256E-02 1.000E+10 5.808E-03 3.981E+04 2.089E-02 0.000E+00 4.174E-02 1.698E+00
 130   912.78 3.256E-02 1.000E+10 5.808E-03 3.981E+04 2.089E-02 1.000E-02 4.174E-02 1.697E+00
 130   912.78 3.256E-02 1.000E+10 5.808E-03 3.981E+04 2.089E-02 1.585E-02 4.174E-02 1.694E+00
 130   912.78 3.256E-02 1.000E+10 5.808E-03 3.981E+04 2.089E-02 2.512E-02 4.174E-02 1.686E+00
 130   912.78 3.256E-02 1.000E+10 5.808E-03 3.981E+04 2.089E-02 3.981E-02 4.174E-02 1.666E+00
 130   912.78 3.256E-02 1.000E+10 5.808E-03 3.981E+04 2.089E-02 6.310E-02 4.174E-02 1.616E+00
 130   912.78 3.256E-02 1.000E+10 5.808E-03 3.981E+04 2.089E-02 1.000E-01 4.174E-02 1.496E+00
 130   912.78 3.256E-02 1.000E+10 5.808E-03 3.981E+04 2.089E-02 1.585E-01 4.173E-02 1.231E+00
 130   912.78 3.256E-02 1.000E+10 5.808E-03 3.981E+04 2.089E-02 2.512E-01 4.172E-02 7.787E-01
 130   912.78 3.256E-02 1.000E+10 5.808E-03 3.981E+04 2.089E-02 3.981E-01 4.170E-02 3.321E-01
 130   912.78 3.256E-02 1.000E+10 5.808E-03 3.981E+04 2.089E-02 6.310E-01 4.165E-02 1.060E-01
 130   912.78 3.256E-02 1.000E+10 5.808E-03 3.981E+04 2.089E-02 1.000E+00 4.151E-02 3.178E-02
 130   912.78 3.256E-02 1.000E+10 5.808E-03 3.981E+04 2.089E-02 1.585E+00 4.117E-02 9.791E-03
 130   912.78 3.256E-02 1.000E+10 5.808E-03 3.981E+04 2.089E-02 2.512E+00 4.033E-02 3.105E-03
 130   912.78 3.256E-02 1.000E+10 5.808E-03 3.981E+04 2.089E-02 3.981E+00 3.828E-02 9.814E-04
 130   912.78 3.256E-02 1.000E+10 5.808E-03 3.981E+04 2.089E-02 6.310E+00 3.358E-02 3.190E-04
 130   912.78 3.256E-02 1.000E+10 5.808E-03 3.981E+04 2.089E-02 1.000E+01 2.418E-02 1.031E-04
 130   912.78 3.256E-02 1.000E+10 5.808E-03 3.981E+04 2.089E-02 1.585E+01 1.060E-02 3.309E-05
 130   912.78 3.256E-02 1.000E+10 5.808E-03 3.981E+04 2.089E-02 2.512E+01 1.344E-03 1.031E-05
 130   912.78 3.256E-02 1.000E+10 5.808E-03 3.981E+04 2.089E-02 3.981E+01 1.185E-05 3.258E-06
 130   912.78 3.256E-02 1.000E+10 5.808E-03 3.981E+04 2.089E-02 6.310E+01 1.151E-06 1.030E-06
 130   912.78 3.256E-02 1.000E+10 5.808E-03 3.981E+04 2.089E-02 1.000E+02 3.393E-07 3.257E-07
 130   912.78 3.256E-02 1.000E+10 5.808E-03 3.981E+04 2.089E-02 1.585E+02 1.047E-07 1.030E-07
 130   912.78 3.256E-02 1.000E+10 5.808E-03 3.981E+04 2.089E-02 2.512E+02 3.278E-08 3.258E-08
 130   912.78 3.256E-02 1.000E+10 5.808E-03 3.981E+04 2.089E-02 3.981E+02 1.033E-08 1.031E-08
 130   912.78 3.256E-02 1.000E+10 5.808E-03 3.981E+04 2.089E-02 6.310E+02 3.266E-09 3.262E-09
 130   912.78 3.256E-02 1.000E+10 5.808E-03 7.943E+04 1.479E-02 0.000E+00 2.958E-02 1.790E+00
 130   912.78 3.256E-02 1.000E+10 5.808E-03 7.943E+04 1.479E-02 1.000E-02 2.958E-02 1.789E+00
 130   912.78 3.256E-02 1.000E+10 5.808E-03 7.943E+04 1.479E-02 1.585E-02 2.958E-02 1.785E+00
 130   912.78 3.256E-02 1.000E+10 5.808E-03 7.943E+04 1.479E-02 2.512E-02 2.958E-02 1.775E+00
 130   912.78 3.256E-02 1.000E+10 5.808E-03 7.943E+04 1.479E-02 3.981E-02 2.958E-02 1.751E+00
 130   912.78 3.256E-02 1.000E+10 5.808E-03 7.943E+04 1.479E-02 6.310E-02 2.958E-02 1.692E+00
 130   912.78 3.256E-02 1.000E+10 5.808E-03 7.943E+04 1.479E-02 1.000E-01 2.958E-02 1.553E+00
 130   912.78 3.256E-02 1.000E+10 5.808E-03 7.943E+04 1.479E-02 1.585E-01 2.958E-02 1.250E+00
 130   912.78 3.256E-02 1.000E+10 5.808E-03 7.943E+04 1.479E-02 2.512E-01 2.958E-02 7.568E-01
 130   912.78 3.256E-02 1.000E+10 5.808E-03 7.943E+04 1.479E-02 3.981E-01 2.957E-02 3.104E-01
 130   912.78 3.256E-02 1.000E+10 5.808E-03 7.943E+04 1.479E-02 6.310E-01 2.955E-02 9.834E-02
 130   912.78 3.256E-02 1.000E+10 5.808E-03 7.943E+04 1.479E-02 1.000E+00 2.950E-02 2.959E-02
 130   912.78 3.256E-02 1.000E+10 5.808E-03 7.943E+04 1.479E-02 1.585E+00 2.938E-02 9.122E-03
 130   912.78 3.256E-02 1.000E+10 5.808E-03 7.943E+04 1.479E-02 2.512E+00 2.908E-02 2.903E-03
 130   912.78 3.256E-02 1.000E+10 5.808E-03 7.943E+04 1.479E-02 3.981E+00 2.832E-02 9.233E-04
 130   912.78 3.256E-02 1.000E+10 5.808E-03 7.943E+04 1.479E-02 6.310E+00 2.652E-02 3.028E-04
 130   912.78 3.256E-02 1.000E+10 5.808E-03 7.943E+04 1.479E-02 1.000E+01 2.249E-02 9.901E-05
 130   912.78 3.256E-02 1.000E+10 5.808E-03 7.943E+04 1.479E-02 1.585E+01 1.486E-02 3.217E-05
 130   912.78 3.256E-02 1.000E+10 5.808E-03 7.943E+04 1.479E-02 2.512E+01 5.249E-03 1.038E-05
 130   912.78 3.256E-02 1.000E+10 5.808E-03 7.943E+04 1.479E-02 3.981E+01 3.883E-04 3.258E-06
 130   912.78 3.256E-02 1.000E+10 5.808E-03 7.943E+04 1.479E-02 6.310E+01 1.869E-06 1.030E-06
 130   912.78 3.256E-02 1.000E+10 5.808E-03 7.943E+04 1.479E-02 1.000E+02 3.550E-07 3.257E-07
 130   912.78 3.256E-02 1.000E+10 5.808E-03 7.943E+04 1.479E-02 1.585E+02 1.064E-07 1.030E-07
 130   912.78 3.256E-02 1.000E+10 5.808E-03 7.943E+04 1.479E-02 2.512E+02 3.299E-08 3.258E-08
 130   912.78 3.256E-02 1.000E+10 5.808E-03 7.943E+04 1.479E-02 3.981E+02 1.036E-08 1.031E-08
 130   912.78 3.256E-02 1.000E+10 5.808E-03 7.943E+04 1.479E-02 6.310E+02 3.269E-09 3.262E-09
 130   912.78 3.256E-02 1.000E+10 5.808E-03 1.585E+05 1.047E-02 0.000E+00 2.095E-02 1.892E+00
 130   912.78 3.256E-02 1.000E+10 5.808E-03 1.585E+05 1.047E-02 1.000E-02 2.095E-02 1.890E+00
 130   912.78 3.256E-02 1.000E+10 5.808E-03 1.585E+05 1.047E-02 1.585E-02 2.095E-02 1.886E+00
 130   912.78 3.256E-02 1.000E+10 5.808E-03 1.585E+05 1.047E-02 2.512E-02 2.095E-02 1.874E+00
 130   912.78 3.256E-02 1.000E+10 5.808E-03 1.585E+05 1.047E-02 3.981E-02 2.095E-02 1.846E+00
 130   912.78 3.256E-02 1.000E+10 5.808E-03 1.585E+05 1.047E-02 6.310E-02 2.095E-02 1.777E+00
 130   912.78 3.256E-02 1.000E+10 5.808E-03 1.585E+05 1.047E-02 1.000E-01 2.095E-02 1.614E+00
 130   912.78 3.256E-02 1.000E+10 5.808E-03 1.585E+05 1.047E-02 1.585E-01 2.095E-02 1.265E+00
 130   912.78 3.256E-02 1.000E+10 5.808E-03 1.585E+05 1.047E-02 2.512E-01 2.095E-02 7.280E-01
 130   912.78 3.256E-02 1.000E+10 5.808E-03 1.585E+05 1.047E-02 3.981E-01 2.095E-02 2.877E-01
 130   912.78 3.256E-02 1.000E+10 5.808E-03 1.585E+05 1.047E-02 6.310E-01 2.094E-02 9.129E-02
 130   912.78 3.256E-02 1.000E+10 5.808E-03 1.585E+05 1.047E-02 1.000E+00 2.092E-02 2.759E-02
 130   912.78 3.256E-02 1.000E+10 5.808E-03 1.585E+05 1.047E-02 1.585E+00 2.088E-02 8.515E-03
 130   912.78 3.256E-02 1.000E+10 5.808E-03 1.585E+05 1.047E-02 2.512E+00 2.077E-02 2.708E-03
 130   912.78 3.256E-02 1.000E+10 5.808E-03 1.585E+05 1.047E-02 3.981E+00 2.050E-02 8.615E-04
 130   912.78 3.256E-02 1.000E+10 5.808E-03 1.585E+05 1.047E-02 6.310E+00 1.984E-02 2.839E-04
 130   912.78 3.256E-02 1.000E+10 5.808E-03 1.585E+05 1.047E-02 1.000E+01 1.826E-02 9.356E-05
 130   912.78 3.256E-02 1.000E+10 5.808E-03 1.585E+05 1.047E-02 1.585E+01 1.483E-02 3.072E-05
 130   912.78 3.256E-02 1.000E+10 5.808E-03 1.585E+05 1.047E-02 2.512E+01 8.797E-03 1.003E-05
 130   912.78 3.256E-02 1.000E+10 5.808E-03 1.585E+05 1.047E-02 3.981E+01 2.371E-03 3.252E-06
 130   912.78 3.256E-02 1.000E+10 5.808E-03 1.585E+05 1.047E-02 6.310E+01 8.928E-05 1.045E-06
 130   912.78 3.256E-02 1.000E+10 5.808E-03 1.585E+05 1.047E-02 1.000E+02 4.187E-07 3.257E-07
 130   912.78 3.256E-02 1.000E+10 5.808E-03 1.585E+05 1.047E-02 1.585E+02 1.100E-07 1.030E-07
 130   912.78 3.256E-02 1.000E+10 5.808E-03 1.585E+05 1.047E-02 2.512E+02 3.343E-08 3.258E-08
 130   912.78 3.256E-02 1.000E+10 5.808E-03 1.585E+05 1.047E-02 3.981E+02 1.041E-08 1.031E-08
 130   912.78 3.256E-02 1.000E+10 5.808E-03 1.585E+05 1.047E-02 6.310E+02 3.275E-09 3.262E-09
 130   912.78 3.256E-02 1.000E+10 5.808E-03 1.585E+05 1.047E-02 1.000E+03 1.034E-09 1.033E-09
 130   912.78 3.256E-02 1.000E+10 5.808E-03 3.162E+05 7.413E-03 0.000E+00 1.483E-02 2.014E+00
 130   912.78 3.256E-02 1.000E+10 5.808E-03 3.162E+05 7.413E-03 1.000E-02 1.483E-02 2.012E+00
 130   912.78 3.256E-02 1.000E+10 5.808E-03 3.162E+05 7.413E-03 1.585E-02 1.483E-02 2.006E+00
 130   912.78 3.256E-02 1.000E+10 5.808E-03 3.162E+05 7.413E-03 2.512E-02 1.483E-02 1.992E+00
 130   912.78 3.256E-02 1.000E+10 5.808E-03 3.162E+05 7.413E-03 3.981E-02 1.483E-02 1.958E+00
 130   912.78 3.256E-02 1.000E+10 5.808E-03 3.162E+05 7.413E-03 6.310E-02 1.483E-02 1.875E+00
 130   912.78 3.256E-02 1.000E+10 5.808E-03 3.162E+05 7.413E-03 1.000E-01 1.483E-02 1.681E+00
 130   912.78 3.256E-02 1.000E+10 5.808E-03 3.162E+05 7.413E-03 1.585E-01 1.483E-02 1.273E+00
 130   912.78 3.256E-02 1.000E+10 5.808E-03 3.162E+05 7.413E-03 2.512E-01 1.483E-02 6.894E-01
 130   912.78 3.256E-02 1.000E+10 5.808E-03 3.162E+05 7.413E-03 3.981E-01 1.483E-02 2.644E-01
 130   912.78 3.256E-02 1.000E+10 5.808E-03 3.162E+05 7.413E-03 6.310E-01 1.482E-02 8.448E-02
 130   912.78 3.256E-02 1.000E+10 5.808E-03 3.162E+05 7.413E-03 1.000E+00 1.482E-02 2.581E-02
 130   912.78 3.256E-02 1.000E+10 5.808E-03 3.162E+05 7.413E-03 1.585E+00 1.480E-02 7.640E-03
 130   912.78 3.256E-02 1.000E+10 5.808E-03 3.162E+05 7.413E-03 2.512E+00 1.476E-02 2.453E-03
 130   912.78 3.256E-02 1.000E+10 5.808E-03 3.162E+05 7.413E-03 3.981E+00 1.467E-02 8.021E-04
 130   912.78 3.256E-02 1.000E+10 5.808E-03 3.162E+05 7.413E-03 6.310E+00 1.443E-02 2.644E-04
 130   912.78 3.256E-02 1.000E+10 5.808E-03 3.162E+05 7.413E-03 1.000E+01 1.384E-02 8.747E-05
 130   912.78 3.256E-02 1.000E+10 5.808E-03 3.162E+05 7.413E-03 1.585E+01 1.247E-02 2.893E-05
 130   912.78 3.256E-02 1.000E+10 5.808E-03 3.162E+05 7.413E-03 2.512E+01 9.596E-03 9.531E-06
 130   912.78 3.256E-02 1.000E+10 5.808E-03 3.162E+05 7.413E-03 3.981E+01 4.970E-03 3.124E-06
 130   912.78 3.256E-02 1.000E+10 5.808E-03 3.162E+05 7.413E-03 6.310E+01 9.525E-04 1.016E-06
 130   912.78 3.256E-02 1.000E+10 5.808E-03 3.162E+05 7.413E-03 1.000E+02 1.546E-05 3.281E-07
 130   912.78 3.256E-02 1.000E+10 5.808E-03 3.162E+05 7.413E-03 1.585E+02 1.198E-07 1.030E-07
 130   912.78 3.256E-02 1.000E+10 5.808E-03 3.162E+05 7.413E-03 2.512E+02 3.430E-08 3.258E-08
 130   912.78 3.256E-02 1.000E+10 5.808E-03 3.162E+05 7.413E-03 3.981E+02 1.052E-08 1.031E-08
 130   912.78 3.256E-02 1.000E+10 5.808E-03 3.162E+05 7.413E-03 6.310E+02 3.288E-09 3.262E-09
 130   912.78 3.256E-02 1.000E+10 5.808E-03 3.162E+05 7.413E-03 1.000E+03 1.036E-09 1.033E-09
 130   912.78 3.256E-02 1.000E+10 5.808E-03 3.162E+05 7.413E-03 1.585E+03 3.276E-10 3.272E-10
 130   912.78 3.256E-02 1.000E+10 5.808E-03 6.310E+05 5.248E-03 0.000E+00 1.050E-02 2.172E+00
 130   912.78 3.256E-02 1.000E+10 5.808E-03 6.310E+05 5.248E-03 1.000E-02 1.050E-02 2.168E+00
 130   912.78 3.256E-02 1.000E+10 5.808E-03 6.310E+05 5.248E-03 1.585E-02 1.050E-02 2.161E+00
 130   912.78 3.256E-02 1.000E+10 5.808E-03 6.310E+05 5.248E-03 2.512E-02 1.050E-02 2.144E+00
 130   912.78 3.256E-02 1.000E+10 5.808E-03 6.310E+05 5.248E-03 3.981E-02 1.050E-02 2.101E+00
 130   912.78 3.256E-02 1.000E+10 5.808E-03 6.310E+05 5.248E-03 6.310E-02 1.050E-02 1.997E+00
 130   912.78 3.256E-02 1.000E+10 5.808E-03 6.310E+05 5.248E-03 1.000E-01 1.050E-02 1.755E+00
 130   912.78 3.256E-02 1.000E+10 5.808E-03 6.310E+05 5.248E-03 1.585E-01 1.050E-02 1.264E+00
 130   912.78 3.256E-02 1.000E+10 5.808E-03 6.310E+05 5.248E-03 2.512E-01 1.050E-02 6.392E-01
 130   912.78 3.256E-02 1.000E+10 5.808E-03 6.310E+05 5.248E-03 3.981E-01 1.050E-02 2.397E-01
 130   912.78 3.256E-02 1.000E+10 5.808E-03 6.310E+05 5.248E-03 6.310E-01 1.050E-02 7.768E-02
 130   912.78 3.256E-02 1.000E+10 5.808E-03 6.310E+05 5.248E-03 1.000E+00 1.050E-02 2.413E-02
 130   912.78 3.256E-02 1.000E+10 5.808E-03 6.310E+05 5.248E-03 1.585E+00 1.049E-02 7.209E-03
 130   912.78 3.256E-02 1.000E+10 5.808E-03 6.310E+05 5.248E-03 2.512E+00 1.048E-02 2.300E-03
 130   912.78 3.256E-02 1.000E+10 5.808E-03 6.310E+05 5.248E-03 3.981E+00 1.044E-02 7.486E-04
 130   912.78 3.256E-02 1.000E+10 5.808E-03 6.310E+05 5.248E-03 6.310E+00 1.036E-02 2.462E-04
 130   912.78 3.256E-02 1.000E+10 5.808E-03 6.310E+05 5.248E-03 1.000E+01 1.014E-02 8.143E-05
 130   912.78 3.256E-02 1.000E+10 5.808E-03 6.310E+05 5.248E-03 1.585E+01 9.626E-03 2.699E-05
 130   912.78 3.256E-02 1.000E+10 5.808E-03 6.310E+05 5.248E-03 2.512E+01 8.441E-03 8.937E-06
 130   912.78 3.256E-02 1.000E+10 5.808E-03 6.310E+05 5.248E-03 3.981E+01 6.069E-03 2.952E-06
 130   912.78 3.256E-02 1.000E+10 5.808E-03 6.310E+05 5.248E-03 6.310E+01 2.650E-03 9.707E-07
 130   912.78 3.256E-02 1.000E+10 5.808E-03 6.310E+05 5.248E-03 1.000E+02 3.309E-04 3.171E-07
 130   912.78 3.256E-02 1.000E+10 5.808E-03 6.310E+05 5.248E-03 1.585E+02 1.913E-06 1.028E-07
 130   912.78 3.256E-02 1.000E+10 5.808E-03 6.310E+05 5.248E-03 2.512E+02 3.681E-08 3.306E-08
 130   912.78 3.256E-02 1.000E+10 5.808E-03 6.310E+05 5.248E-03 3.981E+02 1.076E-08 1.031E-08
 130   912.78 3.256E-02 1.000E+10 5.808E-03 6.310E+05 5.248E-03 6.310E+02 3.313E-09 3.262E-09
 130   912.78 3.256E-02 1.000E+10 5.808E-03 6.310E+05 5.248E-03 1.000E+03 1.039E-09 1.033E-09
 130   912.78 3.256E-02 1.000E+10 5.808E-03 6.310E+05 5.248E-03 1.585E+03 3.280E-10 3.272E-10
 130   912.78 3.256E-02 1.000E+10 5.808E-03 6.310E+05 5.248E-03 2.512E+03 1.039E-10 1.038E-10
 130   912.78 3.256E-02 1.000E+10 5.808E-03 1.260E+06 3.715E-03 0.000E+00 7.437E-03 2.389E+00
 130   912.78 3.256E-02 1.000E+10 5.808E-03 1.260E+06 3.715E-03 1.000E-02 7.437E-03 2.384E+00
 130   912.78 3.256E-02 1.000E+10 5.808E-03 1.260E+06 3.715E-03 1.585E-02 7.437E-03 2.374E+00
 130   912.78 3.256E-02 1.000E+10 5.808E-03 1.260E+06 3.715E-03 2.512E-02 7.437E-03 2.350E+00
 130   912.78 3.256E-02 1.000E+10 5.808E-03 1.260E+06 3.715E-03 3.981E-02 7.437E-03 2.292E+00
 130   912.78 3.256E-02 1.000E+10 5.808E-03 1.260E+06 3.715E-03 6.310E-02 7.437E-03 2.152E+00
 130   912.78 3.256E-02 1.000E+10 5.808E-03 1.260E+06 3.715E-03 1.000E-01 7.437E-03 1.831E+00
 130   912.78 3.256E-02 1.000E+10 5.808E-03 1.260E+06 3.715E-03 1.585E-01 7.437E-03 1.228E+00
 130   912.78 3.256E-02 1.000E+10 5.808E-03 1.260E+06 3.715E-03 2.512E-01 7.437E-03 5.772E-01
 130   912.78 3.256E-02 1.000E+10 5.808E-03 1.260E+06 3.715E-03 3.981E-01 7.437E-03 2.131E-01
 130   912.78 3.256E-02 1.000E+10 5.808E-03 1.260E+06 3.715E-03 6.310E-01 7.437E-03 7.048E-02
 130   912.78 3.256E-02 1.000E+10 5.808E-03 1.260E+06 3.715E-03 1.000E+00 7.436E-03 2.245E-02
 130   912.78 3.256E-02 1.000E+10 5.808E-03 1.260E+06 3.715E-03 1.585E+00 7.434E-03 7.101E-03
 130   912.78 3.256E-02 1.000E+10 5.808E-03 1.260E+06 3.715E-03 2.512E+00 7.429E-03 2.172E-03
 130   912.78 3.256E-02 1.000E+10 5.808E-03 1.260E+06 3.715E-03 3.981E+00 7.417E-03 7.027E-04
 130   912.78 3.256E-02 1.000E+10 5.808E-03 1.260E+06 3.715E-03 6.310E+00 7.386E-03 2.301E-04
 130   912.78 3.256E-02 1.000E+10 5.808E-03 1.260E+06 3.715E-03 1.000E+01 7.309E-03 7.587E-05
 130   912.78 3.256E-02 1.000E+10 5.808E-03 1.260E+06 3.715E-03 1.585E+01 7.120E-03 2.511E-05
 130   912.78 3.256E-02 1.000E+10 5.808E-03 1.260E+06 3.715E-03 2.512E+01 6.667E-03 8.324E-06
 130   912.78 3.256E-02 1.000E+10 5.808E-03 1.260E+06 3.715E-03 3.981E+01 5.650E-03 2.760E-06
 130   912.78 3.256E-02 1.000E+10 5.808E-03 1.260E+06 3.715E-03 6.310E+01 3.730E-03 9.134E-07
 130   912.78 3.256E-02 1.000E+10 5.808E-03 1.260E+06 3.715E-03 1.000E+02 1.314E-03 3.012E-07
 130   912.78 3.256E-02 1.000E+10 5.808E-03 1.260E+06 3.715E-03 1.585E+02 9.566E-05 9.876E-08
 130   912.78 3.256E-02 1.000E+10 5.808E-03 1.260E+06 3.715E-03 2.512E+02 1.730E-07 3.215E-08
 130   912.78 3.256E-02 1.000E+10 5.808E-03 1.260E+06 3.715E-03 3.981E+02 1.128E-08 1.039E-08
 130   912.78 3.256E-02 1.000E+10 5.808E-03 1.260E+06 3.715E-03 6.310E+02 3.372E-09 3.262E-09
 130   912.78 3.256E-02 1.000E+10 5.808E-03 1.260E+06 3.715E-03 1.000E+03 1.046E-09 1.033E-09
 130   912.78 3.256E-02 1.000E+10 5.808E-03 1.260E+06 3.715E-03 1.585E+03 3.288E-10 3.272E-10
 130   912.78 3.256E-02 1.000E+10 5.808E-03 1.260E+06 3.715E-03 2.512E+03 1.040E-10 1.038E-10
 130   912.78 3.256E-02 3.162E+10 1.251E-02 2.500E+03 1.010E-01 0.000E+00 3.354E-01 1.344E+00
 130   912.78 3.256E-02 3.162E+10 1.251E-02 2.500E+03 1.010E-01 1.585E-02 3.353E-01 1.342E+00
 130   912.78 3.256E-02 3.162E+10 1.251E-02 2.500E+03 1.010E-01 2.512E-02 3.353E-01 1.338E+00
 130   912.78 3.256E-02 3.162E+10 1.251E-02 2.500E+03 1.010E-01 3.981E-02 3.352E-01 1.330E+00
 130   912.78 3.256E-02 3.162E+10 1.251E-02 2.500E+03 1.010E-01 6.310E-02 3.349E-01 1.311E+00
 130   912.78 3.256E-02 3.162E+10 1.251E-02 2.500E+03 1.010E-01 1.000E-01 3.341E-01 1.261E+00
 130   912.78 3.256E-02 3.162E+10 1.251E-02 2.500E+03 1.010E-01 1.585E-01 3.323E-01 1.133E+00
 130   912.78 3.256E-02 3.162E+10 1.251E-02 2.500E+03 1.010E-01 2.512E-01 3.277E-01 8.452E-01
 130   912.78 3.256E-02 3.162E+10 1.251E-02 2.500E+03 1.010E-01 3.981E-01 3.165E-01 4.321E-01
 130   912.78 3.256E-02 3.162E+10 1.251E-02 2.500E+03 1.010E-01 6.310E-01 2.901E-01 1.457E-01
 130   912.78 3.256E-02 3.162E+10 1.251E-02 2.500E+03 1.010E-01 1.000E+00 2.332E-01 4.174E-02
 130   912.78 3.256E-02 3.162E+10 1.251E-02 2.500E+03 1.010E-01 1.585E+00 1.354E-01 1.205E-02
 130   912.78 3.256E-02 3.162E+10 1.251E-02 2.500E+03 1.010E-01 2.512E+00 3.619E-02 3.451E-03
 130   912.78 3.256E-02 3.162E+10 1.251E-02 2.500E+03 1.010E-01 3.981E+00 2.610E-03 1.061E-03
 130   912.78 3.256E-02 3.162E+10 1.251E-02 2.500E+03 1.010E-01 6.310E+00 3.879E-04 3.291E-04
 130   912.78 3.256E-02 3.162E+10 1.251E-02 2.500E+03 1.010E-01 1.000E+01 1.095E-04 1.035E-04
 130   912.78 3.256E-02 3.162E+10 1.251E-02 2.500E+03 1.010E-01 1.585E+01 3.337E-05 3.265E-05
 130   912.78 3.256E-02 3.162E+10 1.251E-02 2.500E+03 1.010E-01 2.512E+01 1.040E-05 1.031E-05
 130   912.78 3.256E-02 3.162E+10 1.251E-02 2.500E+03 1.010E-01 3.981E+01 3.270E-06 3.259E-06
 130   912.78 3.256E-02 3.162E+10 1.251E-02 2.500E+03 1.010E-01 6.310E+01 1.032E-06 1.030E-06
 130   912.78 3.256E-02 3.162E+10 1.251E-02 5.000E+03 7.143E-02 0.000E+00 2.439E-01 1.384E+00
 130   912.78 3.256E-02 3.162E+10 1.251E-02 5.000E+03 7.143E-02 1.585E-02 2.439E-01 1.382E+00
 130   912.78 3.256E-02 3.162E+10 1.251E-02 5.000E+03 7.143E-02 2.512E-02 2.439E-01 1.378E+00
 130   912.78 3.256E-02 3.162E+10 1.251E-02 5.000E+03 7.143E-02 3.981E-02 2.438E-01 1.369E+00
 130   912.78 3.256E-02 3.162E+10 1.251E-02 5.000E+03 7.143E-02 6.310E-02 2.437E-01 1.347E+00
 130   912.78 3.256E-02 3.162E+10 1.251E-02 5.000E+03 7.143E-02 1.000E-01 2.434E-01 1.291E+00
 130   912.78 3.256E-02 3.162E+10 1.251E-02 5.000E+03 7.143E-02 1.585E-01 2.427E-01 1.147E+00
 130   912.78 3.256E-02 3.162E+10 1.251E-02 5.000E+03 7.143E-02 2.512E-01 2.410E-01 8.373E-01
 130   912.78 3.256E-02 3.162E+10 1.251E-02 5.000E+03 7.143E-02 3.981E-01 2.367E-01 4.179E-01
 130   912.78 3.256E-02 3.162E+10 1.251E-02 5.000E+03 7.143E-02 6.310E-01 2.261E-01 1.403E-01
 130   912.78 3.256E-02 3.162E+10 1.251E-02 5.000E+03 7.143E-02 1.000E+00 2.017E-01 4.070E-02
 130   912.78 3.256E-02 3.162E+10 1.251E-02 5.000E+03 7.143E-02 1.585E+00 1.515E-01 1.191E-02
 130   912.78 3.256E-02 3.162E+10 1.251E-02 5.000E+03 7.143E-02 2.512E+00 7.419E-02 3.582E-03
 130   912.78 3.256E-02 3.162E+10 1.251E-02 5.000E+03 7.143E-02 3.981E+00 1.314E-02 1.061E-03
 130   912.78 3.256E-02 3.162E+10 1.251E-02 5.000E+03 7.143E-02 6.310E+00 6.004E-04 3.291E-04
 130   912.78 3.256E-02 3.162E+10 1.251E-02 5.000E+03 7.143E-02 1.000E+01 1.170E-04 1.035E-04
 130   912.78 3.256E-02 3.162E+10 1.251E-02 5.000E+03 7.143E-02 1.585E+01 3.412E-05 3.265E-05
 130   912.78 3.256E-02 3.162E+10 1.251E-02 5.000E+03 7.143E-02 2.512E+01 1.049E-05 1.031E-05
 130   912.78 3.256E-02 3.162E+10 1.251E-02 5.000E+03 7.143E-02 3.981E+01 3.281E-06 3.259E-06
 130   912.78 3.256E-02 3.162E+10 1.251E-02 5.000E+03 7.143E-02 6.310E+01 1.033E-06 1.030E-06
 130   912.78 3.256E-02 3.162E+10 1.251E-02 5.000E+03 7.143E-02 1.000E+02 3.262E-07 3.259E-07
 130   912.78 3.256E-02 3.162E+10 1.251E-02 1.000E+04 5.051E-02 0.000E+00 1.754E-01 1.442E+00
 130   912.78 3.256E-02 3.162E+10 1.251E-02 1.000E+04 5.051E-02 1.585E-02 1.754E-01 1.439E+00
 130   912.78 3.256E-02 3.162E+10 1.251E-02 1.000E+04 5.051E-02 2.512E-02 1.754E-01 1.435E+00
 130   912.78 3.256E-02 3.162E+10 1.251E-02 1.000E+04 5.051E-02 3.981E-02 1.754E-01 1.425E+00
 130   912.78 3.256E-02 3.162E+10 1.251E-02 1.000E+04 5.051E-02 6.310E-02 1.754E-01 1.399E+00
 130   912.78 3.256E-02 3.162E+10 1.251E-02 1.000E+04 5.051E-02 1.000E-01 1.753E-01 1.332E+00
 130   912.78 3.256E-02 3.162E+10 1.251E-02 1.000E+04 5.051E-02 1.585E-01 1.750E-01 1.166E+00
 130   912.78 3.256E-02 3.162E+10 1.251E-02 1.000E+04 5.051E-02 2.512E-01 1.744E-01 8.272E-01
 130   912.78 3.256E-02 3.162E+10 1.251E-02 1.000E+04 5.051E-02 3.981E-01 1.728E-01 3.996E-01
 130   912.78 3.256E-02 3.162E+10 1.251E-02 1.000E+04 5.051E-02 6.310E-01 1.688E-01 1.330E-01
 130   912.78 3.256E-02 3.162E+10 1.251E-02 1.000E+04 5.051E-02 1.000E+00 1.591E-01 3.905E-02
 130   912.78 3.256E-02 3.162E+10 1.251E-02 1.000E+04 5.051E-02 1.585E+00 1.373E-01 1.161E-02
 130   912.78 3.256E-02 3.162E+10 1.251E-02 1.000E+04 5.051E-02 2.512E+00 9.490E-02 3.540E-03
 130   912.78 3.256E-02 3.162E+10 1.251E-02 1.000E+04 5.051E-02 3.981E+00 3.776E-02 1.061E-03
 130   912.78 3.256E-02 3.162E+10 1.251E-02 1.000E+04 5.051E-02 6.310E+00 4.059E-03 3.292E-04
 130   912.78 3.256E-02 3.162E+10 1.251E-02 1.000E+04 5.051E-02 1.000E+01 1.478E-04 1.035E-04
 130   912.78 3.256E-02 3.162E+10 1.251E-02 1.000E+04 5.051E-02 1.585E+01 3.584E-05 3.265E-05
 130   912.78 3.256E-02 3.162E+10 1.251E-02 1.000E+04 5.051E-02 2.512E+01 1.068E-05 1.031E-05
 130   912.78 3.256E-02 3.162E+10 1.251E-02 1.000E+04 5.051E-02 3.981E+01 3.303E-06 3.259E-06
 130   912.78 3.256E-02 3.162E+10 1.251E-02 1.000E+04 5.051E-02 6.310E+01 1.036E-06 1.030E-06
 130   912.78 3.256E-02 3.162E+10 1.251E-02 1.000E+04 5.051E-02 1.000E+02 3.265E-07 3.259E-07
 130   912.78 3.256E-02 3.162E+10 1.251E-02 1.000E+04 5.051E-02 1.585E+02 1.031E-07 1.031E-07
 130   912.78 3.256E-02 3.162E+10 1.251E-02 1.995E+04 3.576E-02 0.000E+00 1.255E-01 1.512E+00
 130   912.78 3.256E-02 3.162E+10 1.251E-02 1.995E+04 3.576E-02 2.512E-02 1.255E-01 1.504E+00
 130   912.78 3.256E-02 3.162E+10 1.251E-02 1.995E+04 3.576E-02 3.981E-02 1.255E-01 1.492E+00
 130   912.78 3.256E-02 3.162E+10 1.251E-02 1.995E+04 3.576E-02 6.310E-02 1.255E-01 1.460E+00
 130   912.78 3.256E-02 3.162E+10 1.251E-02 1.995E+04 3.576E-02 1.000E-01 1.254E-01 1.380E+00
 130   912.78 3.256E-02 3.162E+10 1.251E-02 1.995E+04 3.576E-02 1.585E-01 1.253E-01 1.187E+00
 130   912.78 3.256E-02 3.162E+10 1.251E-02 1.995E+04 3.576E-02 2.512E-01 1.251E-01 8.151E-01
 130   912.78 3.256E-02 3.162E+10 1.251E-02 1.995E+04 3.576E-02 3.981E-01 1.245E-01 3.791E-01
 130   912.78 3.256E-02 3.162E+10 1.251E-02 1.995E+04 3.576E-02 6.310E-01 1.230E-01 1.245E-01
 130   912.78 3.256E-02 3.162E+10 1.251E-02 1.995E+04 3.576E-02 1.000E+00 1.194E-01 3.689E-02
 130   912.78 3.256E-02 3.162E+10 1.251E-02 1.995E+04 3.576E-02 1.585E+00 1.108E-01 1.114E-02
 130   912.78 3.256E-02 3.162E+10 1.251E-02 1.995E+04 3.576E-02 2.512E+00 9.174E-02 3.449E-03
 130   912.78 3.256E-02 3.162E+10 1.251E-02 1.995E+04 3.576E-02 3.981E+00 5.718E-02 1.080E-03
 130   912.78 3.256E-02 3.162E+10 1.251E-02 1.995E+04 3.576E-02 6.310E+00 1.757E-02 3.292E-04
 130   912.78 3.256E-02 3.162E+10 1.251E-02 1.995E+04 3.576E-02 1.000E+01 1.032E-03 1.035E-04
 130   912.78 3.256E-02 3.162E+10 1.251E-02 1.995E+04 3.576E-02 1.585E+01 4.087E-05 3.265E-05
 130   912.78 3.256E-02 3.162E+10 1.251E-02 1.995E+04 3.576E-02 2.512E+01 1.108E-05 1.031E-05
 130   912.78 3.256E-02 3.162E+10 1.251E-02 1.995E+04 3.576E-02 3.981E+01 3.350E-06 3.259E-06
 130   912.78 3.256E-02 3.162E+10 1.251E-02 1.995E+04 3.576E-02 6.310E+01 1.041E-06 1.030E-06
 130   912.78 3.256E-02 3.162E+10 1.251E-02 1.995E+04 3.576E-02 1.000E+02 3.272E-07 3.259E-07
 130   912.78 3.256E-02 3.162E+10 1.251E-02 1.995E+04 3.576E-02 1.585E+02 1.032E-07 1.031E-07
 130   912.78 3.256E-02 3.162E+10 1.251E-02 3.981E+04 2.531E-02 0.000E+00 8.938E-02 1.592E+00
 130   912.78 3.256E-02 3.162E+10 1.251E-02 3.981E+04 2.531E-02 2.512E-02 8.938E-02 1.582E+00
 130   912.78 3.256E-02 3.162E+10 1.251E-02 3.981E+04 2.531E-02 3.981E-02 8.938E-02 1.567E+00
 130   912.78 3.256E-02 3.162E+10 1.251E-02 3.981E+04 2.531E-02 6.310E-02 8.937E-02 1.529E+00
 130   912.78 3.256E-02 3.162E+10 1.251E-02 3.981E+04 2.531E-02 1.000E-01 8.936E-02 1.432E+00
 130   912.78 3.256E-02 3.162E+10 1.251E-02 3.981E+04 2.531E-02 1.585E-01 8.933E-02 1.209E+00
 130   912.78 3.256E-02 3.162E+10 1.251E-02 3.981E+04 2.531E-02 2.512E-01 8.924E-02 8.007E-01
 130   912.78 3.256E-02 3.162E+10 1.251E-02 3.981E+04 2.531E-02 3.981E-01 8.903E-02 3.575E-01
 130   912.78 3.256E-02 3.162E+10 1.251E-02 3.981E+04 2.531E-02 6.310E-01 8.849E-02 1.158E-01
 130   912.78 3.256E-02 3.162E+10 1.251E-02 3.981E+04 2.531E-02 1.000E+00 8.716E-02 3.448E-02
 130   912.78 3.256E-02 3.162E+10 1.251E-02 3.981E+04 2.531E-02 1.585E+00 8.392E-02 1.053E-02
 130   912.78 3.256E-02 3.162E+10 1.251E-02 3.981E+04 2.531E-02 2.512E+00 7.628E-02 3.313E-03
 130   912.78 3.256E-02 3.162E+10 1.251E-02 3.981E+04 2.531E-02 3.981E+00 6.003E-02 1.052E-03
 130   912.78 3.256E-02 3.162E+10 1.251E-02 3.981E+04 2.531E-02 6.310E+00 3.292E-02 3.312E-04
 130   912.78 3.256E-02 3.162E+10 1.251E-02 3.981E+04 2.531E-02 1.000E+01 7.337E-03 1.035E-04
 130   912.78 3.256E-02 3.162E+10 1.251E-02 3.981E+04 2.531E-02 1.585E+01 2.124E-04 3.265E-05
 130   912.78 3.256E-02 3.162E+10 1.251E-02 3.981E+04 2.531E-02 2.512E+01 1.210E-05 1.031E-05
 130   912.78 3.256E-02 3.162E+10 1.251E-02 3.981E+04 2.531E-02 3.981E+01 3.448E-06 3.259E-06
 130   912.78 3.256E-02 3.162E+10 1.251E-02 3.981E+04 2.531E-02 6.310E+01 1.053E-06 1.030E-06
 130   912.78 3.256E-02 3.162E+10 1.251E-02 3.981E+04 2.531E-02 1.000E+02 3.286E-07 3.259E-07
 130   912.78 3.256E-02 3.162E+10 1.251E-02 3.981E+04 2.531E-02 1.585E+02 1.034E-07 1.031E-07
 130   912.78 3.256E-02 3.162E+10 1.251E-02 3.981E+04 2.531E-02 2.512E+02 3.266E-08 3.261E-08
 130   912.78 3.256E-02 3.162E+10 1.251E-02 7.943E+04 1.792E-02 0.000E+00 6.351E-02 1.679E+00
 130   912.78 3.256E-02 3.162E+10 1.251E-02 7.943E+04 1.792E-02 2.512E-02 6.351E-02 1.667E+00
 130   912.78 3.256E-02 3.162E+10 1.251E-02 7.943E+04 1.792E-02 3.981E-02 6.350E-02 1.649E+00
 130   912.78 3.256E-02 3.162E+10 1.251E-02 7.943E+04 1.792E-02 6.310E-02 6.350E-02 1.602E+00
 130   912.78 3.256E-02 3.162E+10 1.251E-02 7.943E+04 1.792E-02 1.000E-01 6.350E-02 1.487E+00
 130   912.78 3.256E-02 3.162E+10 1.251E-02 7.943E+04 1.792E-02 1.585E-01 6.349E-02 1.230E+00
 130   912.78 3.256E-02 3.162E+10 1.251E-02 7.943E+04 1.792E-02 2.512E-01 6.346E-02 7.834E-01
 130   912.78 3.256E-02 3.162E+10 1.251E-02 7.943E+04 1.792E-02 3.981E-01 6.338E-02 3.356E-01
 130   912.78 3.256E-02 3.162E+10 1.251E-02 7.943E+04 1.792E-02 6.310E-01 6.319E-02 1.072E-01
 130   912.78 3.256E-02 3.162E+10 1.251E-02 7.943E+04 1.792E-02 1.000E+00 6.271E-02 3.207E-02
 130   912.78 3.256E-02 3.162E+10 1.251E-02 7.943E+04 1.792E-02 1.585E+00 6.152E-02 9.871E-03
 130   912.78 3.256E-02 3.162E+10 1.251E-02 7.943E+04 1.792E-02 2.512E+00 5.863E-02 3.127E-03
 130   912.78 3.256E-02 3.162E+10 1.251E-02 7.943E+04 1.792E-02 3.981E+00 5.196E-02 9.874E-04
 130   912.78 3.256E-02 3.162E+10 1.251E-02 7.943E+04 1.792E-02 6.310E+00 3.837E-02 3.205E-04
 130   912.78 3.256E-02 3.162E+10 1.251E-02 7.943E+04 1.792E-02 1.000E+01 1.793E-02 1.035E-04
 130   912.78 3.256E-02 3.162E+10 1.251E-02 7.943E+04 1.792E-02 1.585E+01 2.679E-03 3.316E-05
 130   912.78 3.256E-02 3.162E+10 1.251E-02 7.943E+04 1.792E-02 2.512E+01 3.648E-05 1.031E-05
 130   912.78 3.256E-02 3.162E+10 1.251E-02 7.943E+04 1.792E-02 3.981E+01 3.674E-06 3.259E-06
 130   912.78 3.256E-02 3.162E+10 1.251E-02 7.943E+04 1.792E-02 6.310E+01 1.078E-06 1.030E-06
 130   912.78 3.256E-02 3.162E+10 1.251E-02 7.943E+04 1.792E-02 1.000E+02 3.314E-07 3.259E-07
 130   912.78 3.256E-02 3.162E+10 1.251E-02 7.943E+04 1.792E-02 1.585E+02 1.038E-07 1.031E-07
 130   912.78 3.256E-02 3.162E+10 1.251E-02 7.943E+04 1.792E-02 2.512E+02 3.270E-08 3.261E-08
 130   912.78 3.256E-02 3.162E+10 1.251E-02 7.943E+04 1.792E-02 3.981E+02 1.033E-08 1.032E-08
 130   912.78 3.256E-02 3.162E+10 1.251E-02 1.585E+05 1.269E-02 0.000E+00 4.505E-02 1.771E+00
 130   912.78 3.256E-02 3.162E+10 1.251E-02 1.585E+05 1.269E-02 2.512E-02 4.505E-02 1.758E+00
 130   912.78 3.256E-02 3.162E+10 1.251E-02 1.585E+05 1.269E-02 3.981E-02 4.505E-02 1.735E+00
 130   912.78 3.256E-02 3.162E+10 1.251E-02 1.585E+05 1.269E-02 6.310E-02 4.505E-02 1.679E+00
 130   912.78 3.256E-02 3.162E+10 1.251E-02 1.585E+05 1.269E-02 1.000E-01 4.505E-02 1.545E+00
 130   912.78 3.256E-02 3.162E+10 1.251E-02 1.585E+05 1.269E-02 1.585E-01 4.505E-02 1.250E+00
 130   912.78 3.256E-02 3.162E+10 1.251E-02 1.585E+05 1.269E-02 2.512E-01 4.504E-02 7.616E-01
 130   912.78 3.256E-02 3.162E+10 1.251E-02 1.585E+05 1.269E-02 3.981E-01 4.501E-02 3.136E-01
 130   912.78 3.256E-02 3.162E+10 1.251E-02 1.585E+05 1.269E-02 6.310E-01 4.494E-02 9.932E-02
 130   912.78 3.256E-02 3.162E+10 1.251E-02 1.585E+05 1.269E-02 1.000E+00 4.477E-02 2.985E-02
 130   912.78 3.256E-02 3.162E+10 1.251E-02 1.585E+05 1.269E-02 1.585E+00 4.434E-02 9.197E-03
 130   912.78 3.256E-02 3.162E+10 1.251E-02 1.585E+05 1.269E-02 2.512E+00 4.328E-02 2.926E-03
 130   912.78 3.256E-02 3.162E+10 1.251E-02 1.585E+05 1.269E-02 3.981E+00 4.073E-02 9.301E-04
 130   912.78 3.256E-02 3.162E+10 1.251E-02 1.585E+05 1.269E-02 6.310E+00 3.497E-02 3.048E-04
 130   912.78 3.256E-02 3.162E+10 1.251E-02 1.585E+05 1.269E-02 1.000E+01 2.384E-02 9.956E-05
 130   912.78 3.256E-02 3.162E+10 1.251E-02 1.585E+05 1.269E-02 1.585E+01 9.118E-03 3.231E-05
 130   912.78 3.256E-02 3.162E+10 1.251E-02 1.585E+05 1.269E-02 2.512E+01 8.261E-04 1.040E-05
 130   912.78 3.256E-02 3.162E+10 1.251E-02 1.585E+05 1.269E-02 3.981E+01 6.206E-06 3.259E-06
 130   912.78 3.256E-02 3.162E+10 1.251E-02 1.585E+05 1.269E-02 6.310E+01 1.130E-06 1.030E-06
 130   912.78 3.256E-02 3.162E+10 1.251E-02 1.585E+05 1.269E-02 1.000E+02 3.375E-07 3.259E-07
 130   912.78 3.256E-02 3.162E+10 1.251E-02 1.585E+05 1.269E-02 1.585E+02 1.044E-07 1.031E-07
 130   912.78 3.256E-02 3.162E+10 1.251E-02 1.585E+05 1.269E-02 2.512E+02 3.279E-08 3.261E-08
 130   912.78 3.256E-02 3.162E+10 1.251E-02 1.585E+05 1.269E-02 3.981E+02 1.034E-08 1.032E-08
 130   912.78 3.256E-02 3.162E+10 1.251E-02 1.585E+05 1.269E-02 6.310E+02 3.272E-09 3.270E-09
 130   912.78 3.256E-02 3.162E+10 1.251E-02 3.162E+05 8.981E-03 0.000E+00 3.193E-02 1.874E+00
 130   912.78 3.256E-02 3.162E+10 1.251E-02 3.162E+05 8.981E-03 2.512E-02 3.193E-02 1.857E+00
 130   912.78 3.256E-02 3.162E+10 1.251E-02 3.162E+05 8.981E-03 3.981E-02 3.193E-02 1.829E+00
 130   912.78 3.256E-02 3.162E+10 1.251E-02 3.162E+05 8.981E-03 6.310E-02 3.193E-02 1.763E+00
 130   912.78 3.256E-02 3.162E+10 1.251E-02 3.162E+05 8.981E-03 1.000E-01 3.193E-02 1.606E+00
 130   912.78 3.256E-02 3.162E+10 1.251E-02 3.162E+05 8.981E-03 1.585E-01 3.193E-02 1.266E+00
 130   912.78 3.256E-02 3.162E+10 1.251E-02 3.162E+05 8.981E-03 2.512E-01 3.193E-02 7.332E-01
 130   912.78 3.256E-02 3.162E+10 1.251E-02 3.162E+05 8.981E-03 3.981E-01 3.192E-02 2.908E-01
 130   912.78 3.256E-02 3.162E+10 1.251E-02 3.162E+05 8.981E-03 6.310E-01 3.189E-02 9.216E-02
 130   912.78 3.256E-02 3.162E+10 1.251E-02 3.162E+05 8.981E-03 1.000E+00 3.183E-02 2.781E-02
 130   912.78 3.256E-02 3.162E+10 1.251E-02 3.162E+05 8.981E-03 1.585E+00 3.168E-02 8.581E-03
 130   912.78 3.256E-02 3.162E+10 1.251E-02 3.162E+05 8.981E-03 2.512E+00 3.129E-02 2.729E-03
 130   912.78 3.256E-02 3.162E+10 1.251E-02 3.162E+05 8.981E-03 3.981E+00 3.035E-02 8.684E-04
 130   912.78 3.256E-02 3.162E+10 1.251E-02 3.162E+05 8.981E-03 6.310E+00 2.812E-02 2.861E-04
 130   912.78 3.256E-02 3.162E+10 1.251E-02 3.162E+05 8.981E-03 1.000E+01 2.320E-02 9.422E-05
 130   912.78 3.256E-02 3.162E+10 1.251E-02 3.162E+05 8.981E-03 1.585E+01 1.431E-02 3.091E-05
 130   912.78 3.256E-02 3.162E+10 1.251E-02 3.162E+05 8.981E-03 2.512E+01 4.256E-03 1.008E-05
 130   912.78 3.256E-02 3.162E+10 1.251E-02 3.162E+05 8.981E-03 3.981E+01 2.064E-04 3.263E-06
 130   912.78 3.256E-02 3.162E+10 1.251E-02 3.162E+05 8.981E-03 6.310E+01 1.368E-06 1.030E-06
 130   912.78 3.256E-02 3.162E+10 1.251E-02 3.162E+05 8.981E-03 1.000E+02 3.501E-07 3.259E-07
 130   912.78 3.256E-02 3.162E+10 1.251E-02 3.162E+05 8.981E-03 1.585E+02 1.059E-07 1.031E-07
 130   912.78 3.256E-02 3.162E+10 1.251E-02 3.162E+05 8.981E-03 2.512E+02 3.296E-08 3.261E-08
 130   912.78 3.256E-02 3.162E+10 1.251E-02 3.162E+05 8.981E-03 3.981E+02 1.037E-08 1.032E-08
 130   912.78 3.256E-02 3.162E+10 1.251E-02 3.162E+05 8.981E-03 6.310E+02 3.275E-09 3.270E-09
 130   912.78 3.256E-02 3.162E+10 1.251E-02 6.310E+05 6.358E-03 0.000E+00 2.261E-02 1.994E+00
 130   912.78 3.256E-02 3.162E+10 1.251E-02 6.310E+05 6.358E-03 2.512E-02 2.261E-02 1.973E+00
 130   912.78 3.256E-02 3.162E+10 1.251E-02 6.310E+05 6.358E-03 3.981E-02 2.261E-02 1.940E+00
 130   912.78 3.256E-02 3.162E+10 1.251E-02 6.310E+05 6.358E-03 6.310E-02 2.261E-02 1.860E+00
 130   912.78 3.256E-02 3.162E+10 1.251E-02 6.310E+05 6.358E-03 1.000E-01 2.261E-02 1.672E+00
 130   912.78 3.256E-02 3.162E+10 1.251E-02 6.310E+05 6.358E-03 1.585E-01 2.260E-02 1.274E+00
 130   912.78 3.256E-02 3.162E+10 1.251E-02 6.310E+05 6.358E-03 2.512E-01 2.260E-02 6.955E-01
 130   912.78 3.256E-02 3.162E+10 1.251E-02 6.310E+05 6.358E-03 3.981E-01 2.260E-02 2.674E-01
 130   912.78 3.256E-02 3.162E+10 1.251E-02 6.310E+05 6.358E-03 6.310E-01 2.259E-02 8.530E-02
 130   912.78 3.256E-02 3.162E+10 1.251E-02 6.310E+05 6.358E-03 1.000E+00 2.257E-02 2.601E-02
 130   912.78 3.256E-02 3.162E+10 1.251E-02 6.310E+05 6.358E-03 1.585E+00 2.252E-02 7.692E-03
 130   912.78 3.256E-02 3.162E+10 1.251E-02 6.310E+05 6.358E-03 2.512E+00 2.238E-02 2.472E-03
 130   912.78 3.256E-02 3.162E+10 1.251E-02 6.310E+05 6.358E-03 3.981E+00 2.204E-02 8.085E-04
 130   912.78 3.256E-02 3.162E+10 1.251E-02 6.310E+05 6.358E-03 6.310E+00 2.121E-02 2.666E-04
 130   912.78 3.256E-02 3.162E+10 1.251E-02 6.310E+05 6.358E-03 1.000E+01 1.926E-02 8.815E-05
 130   912.78 3.256E-02 3.162E+10 1.251E-02 6.310E+05 6.358E-03 1.585E+01 1.511E-02 2.914E-05
 130   912.78 3.256E-02 3.162E+10 1.251E-02 6.310E+05 6.358E-03 2.512E+01 8.219E-03 9.594E-06
 130   912.78 3.256E-02 3.162E+10 1.251E-02 6.310E+05 6.358E-03 3.981E+01 1.783E-03 3.141E-06
 130   912.78 3.256E-02 3.162E+10 1.251E-02 6.310E+05 6.358E-03 6.310E+01 3.968E-05 1.021E-06
 130   912.78 3.256E-02 3.162E+10 1.251E-02 6.310E+05 6.358E-03 1.000E+02 3.859E-07 3.291E-07
 130   912.78 3.256E-02 3.162E+10 1.251E-02 6.310E+05 6.358E-03 1.585E+02 1.093E-07 1.031E-07
 130   912.78 3.256E-02 3.162E+10 1.251E-02 6.310E+05 6.358E-03 2.512E+02 3.331E-08 3.261E-08
 130   912.78 3.256E-02 3.162E+10 1.251E-02 6.310E+05 6.358E-03 3.981E+02 1.041E-08 1.032E-08
 130   912.78 3.256E-02 3.162E+10 1.251E-02 6.310E+05 6.358E-03 6.310E+02 3.281E-09 3.270E-09
 130   912.78 3.256E-02 3.162E+10 1.251E-02 6.310E+05 6.358E-03 1.000E+03 1.038E-09 1.037E-09
 130   912.78 3.256E-02 3.162E+10 1.251E-02 1.260E+06 4.501E-03 0.000E+00 1.601E-02 2.147E+00
 130   912.78 3.256E-02 3.162E+10 1.251E-02 1.260E+06 4.501E-03 2.512E-02 1.601E-02 2.120E+00
 130   912.78 3.256E-02 3.162E+10 1.251E-02 1.260E+06 4.501E-03 3.981E-02 1.601E-02 2.079E+00
 130   912.78 3.256E-02 3.162E+10 1.251E-02 1.260E+06 4.501E-03 6.310E-02 1.601E-02 1.980E+00
 130   912.78 3.256E-02 3.162E+10 1.251E-02 1.260E+06 4.501E-03 1.000E-01 1.601E-02 1.747E+00
 130   912.78 3.256E-02 3.162E+10 1.251E-02 1.260E+06 4.501E-03 1.585E-01 1.601E-02 1.268E+00
 130   912.78 3.256E-02 3.162E+10 1.251E-02 1.260E+06 4.501E-03 2.512E-01 1.601E-02 6.463E-01
 130   912.78 3.256E-02 3.162E+10 1.251E-02 1.260E+06 4.501E-03 3.981E-01 1.601E-02 2.428E-01
 130   912.78 3.256E-02 3.162E+10 1.251E-02 1.260E+06 4.501E-03 6.310E-01 1.601E-02 7.849E-02
 130   912.78 3.256E-02 3.162E+10 1.251E-02 1.260E+06 4.501E-03 1.000E+00 1.600E-02 2.432E-02
 130   912.78 3.256E-02 3.162E+10 1.251E-02 1.260E+06 4.501E-03 1.585E+00 1.598E-02 7.253E-03
 130   912.78 3.256E-02 3.162E+10 1.251E-02 1.260E+06 4.501E-03 2.512E+00 1.593E-02 2.316E-03
 130   912.78 3.256E-02 3.162E+10 1.251E-02 1.260E+06 4.501E-03 3.981E+00 1.581E-02 7.542E-04
 130   912.78 3.256E-02 3.162E+10 1.251E-02 1.260E+06 4.501E-03 6.310E+00 1.551E-02 2.482E-04
 130   912.78 3.256E-02 3.162E+10 1.251E-02 1.260E+06 4.501E-03 1.000E+01 1.477E-02 8.210E-05
 130   912.78 3.256E-02 3.162E+10 1.251E-02 1.260E+06 4.501E-03 1.585E+01 1.308E-02 2.720E-05
 130   912.78 3.256E-02 3.162E+10 1.251E-02 1.260E+06 4.501E-03 2.512E+01 9.639E-03 9.006E-06
 130   912.78 3.256E-02 3.162E+10 1.251E-02 1.260E+06 4.501E-03 3.981E+01 4.476E-03 2.973E-06
 130   912.78 3.256E-02 3.162E+10 1.251E-02 1.260E+06 4.501E-03 6.310E+01 6.526E-04 9.767E-07
 130   912.78 3.256E-02 3.162E+10 1.251E-02 1.260E+06 4.501E-03 1.000E+02 5.596E-06 3.188E-07
 130   912.78 3.256E-02 3.162E+10 1.251E-02 1.260E+06 4.501E-03 1.585E+02 1.160E-07 1.032E-07
 130   912.78 3.256E-02 3.162E+10 1.251E-02 1.260E+06 4.501E-03 2.512E+02 3.411E-08 3.261E-08
 130   912.78 3.256E-02 3.162E+10 1.251E-02 1.260E+06 4.501E-03 3.981E+02 1.050E-08 1.032E-08
 130   912.78 3.256E-02 3.162E+10 1.251E-02 1.260E+06 4.501E-03 6.310E+02 3.292E-09 3.270E-09
 130   912.78 3.256E-02 3.162E+10 1.251E-02 1.260E+06 4.501E-03 1.000E+03 1.039E-09 1.037E-09
 130   912.78 3.256E-02 3.162E+10 1.251E-02 1.260E+06 4.501E-03 1.585E+03 3.294E-10 3.291E-10
 130   912.78 3.256E-02 1.000E+11 2.696E-02 2.500E+03 1.224E-01 0.000E+00 6.307E-01 1.301E+00
 130   912.78 3.256E-02 1.000E+11 2.696E-02 2.500E+03 1.224E-01 1.585E-02 6.304E-01 1.298E+00
 130   912.78 3.256E-02 1.000E+11 2.696E-02 2.500E+03 1.224E-01 2.512E-02 6.301E-01 1.295E+00
 130   912.78 3.256E-02 1.000E+11 2.696E-02 2.500E+03 1.224E-01 3.981E-02 6.293E-01 1.288E+00
 130   912.78 3.256E-02 1.000E+11 2.696E-02 2.500E+03 1.224E-01 6.310E-02 6.272E-01 1.271E+00
 130   912.78 3.256E-02 1.000E+11 2.696E-02 2.500E+03 1.224E-01 1.000E-01 6.221E-01 1.229E+00
 130   912.78 3.256E-02 1.000E+11 2.696E-02 2.500E+03 1.224E-01 1.585E-01 6.093E-01 1.120E+00
 130   912.78 3.256E-02 1.000E+11 2.696E-02 2.500E+03 1.224E-01 2.512E-01 5.785E-01 8.565E-01
 130   912.78 3.256E-02 1.000E+11 2.696E-02 2.500E+03 1.224E-01 3.981E-01 5.081E-01 4.478E-01
 130   912.78 3.256E-02 1.000E+11 2.696E-02 2.500E+03 1.224E-01 6.310E-01 3.683E-01 1.506E-01
 130   912.78 3.256E-02 1.000E+11 2.696E-02 2.500E+03 1.224E-01 1.000E+00 1.697E-01 4.241E-02
 130   912.78 3.256E-02 1.000E+11 2.696E-02 2.500E+03 1.224E-01 1.585E+00 3.278E-02 1.210E-02
 130   912.78 3.256E-02 1.000E+11 2.696E-02 2.500E+03 1.224E-01 2.512E+00 4.565E-03 3.449E-03
 130   912.78 3.256E-02 1.000E+11 2.696E-02 2.500E+03 1.224E-01 3.981E+00 1.148E-03 1.061E-03
 130   912.78 3.256E-02 1.000E+11 2.696E-02 2.500E+03 1.224E-01 6.310E+00 3.395E-04 3.291E-04
 130   912.78 3.256E-02 1.000E+11 2.696E-02 2.500E+03 1.224E-01 1.000E+01 1.047E-04 1.035E-04
 130   912.78 3.256E-02 1.000E+11 2.696E-02 2.500E+03 1.224E-01 1.585E+01 3.280E-05 3.265E-05
 130   912.78 3.256E-02 1.000E+11 2.696E-02 2.500E+03 1.224E-01 2.512E+01 1.033E-05 1.031E-05
 130   912.78 3.256E-02 1.000E+11 2.696E-02 2.500E+03 1.224E-01 3.981E+01 3.262E-06 3.260E-06
 130   912.78 3.256E-02 1.000E+11 2.696E-02 5.000E+03 8.654E-02 0.000E+00 4.822E-01 1.322E+00
 130   912.78 3.256E-02 1.000E+11 2.696E-02 5.000E+03 8.654E-02 1.585E-02 4.821E-01 1.320E+00
 130   912.78 3.256E-02 1.000E+11 2.696E-02 5.000E+03 8.654E-02 2.512E-02 4.820E-01 1.317E+00
 130   912.78 3.256E-02 1.000E+11 2.696E-02 5.000E+03 8.654E-02 3.981E-02 4.816E-01 1.309E+00
 130   912.78 3.256E-02 1.000E+11 2.696E-02 5.000E+03 8.654E-02 6.310E-02 4.807E-01 1.292E+00
 130   912.78 3.256E-02 1.000E+11 2.696E-02 5.000E+03 8.654E-02 1.000E-01 4.785E-01 1.247E+00
 130   912.78 3.256E-02 1.000E+11 2.696E-02 5.000E+03 8.654E-02 1.585E-01 4.729E-01 1.129E+00
 130   912.78 3.256E-02 1.000E+11 2.696E-02 5.000E+03 8.654E-02 2.512E-01 4.592E-01 8.508E-01
 130   912.78 3.256E-02 1.000E+11 2.696E-02 5.000E+03 8.654E-02 3.981E-01 4.265E-01 4.384E-01
 130   912.78 3.256E-02 1.000E+11 2.696E-02 5.000E+03 8.654E-02 6.310E-01 3.547E-01 1.475E-01
 130   912.78 3.256E-02 1.000E+11 2.696E-02 5.000E+03 8.654E-02 1.000E+00 2.245E-01 4.197E-02
 130   912.78 3.256E-02 1.000E+11 2.696E-02 5.000E+03 8.654E-02 1.585E+00 7.492E-02 1.207E-02
 130   912.78 3.256E-02 1.000E+11 2.696E-02 5.000E+03 8.654E-02 2.512E+00 8.485E-03 3.451E-03
 130   912.78 3.256E-02 1.000E+11 2.696E-02 5.000E+03 8.654E-02 3.981E+00 1.272E-03 1.061E-03
 130   912.78 3.256E-02 1.000E+11 2.696E-02 5.000E+03 8.654E-02 6.310E+00 3.510E-04 3.291E-04
 130   912.78 3.256E-02 1.000E+11 2.696E-02 5.000E+03 8.654E-02 1.000E+01 1.059E-04 1.035E-04
 130   912.78 3.256E-02 1.000E+11 2.696E-02 5.000E+03 8.654E-02 1.585E+01 3.296E-05 3.265E-05
 130   912.78 3.256E-02 1.000E+11 2.696E-02 5.000E+03 8.654E-02 2.512E+01 1.035E-05 1.031E-05
 130   912.78 3.256E-02 1.000E+11 2.696E-02 5.000E+03 8.654E-02 3.981E+01 3.265E-06 3.260E-06
 130   912.78 3.256E-02 1.000E+11 2.696E-02 1.000E+04 6.119E-02 0.000E+00 3.586E-01 1.363E+00
 130   912.78 3.256E-02 1.000E+11 2.696E-02 1.000E+04 6.119E-02 1.585E-02 3.586E-01 1.361E+00
 130   912.78 3.256E-02 1.000E+11 2.696E-02 1.000E+04 6.119E-02 2.512E-02 3.585E-01 1.358E+00
 130   912.78 3.256E-02 1.000E+11 2.696E-02 1.000E+04 6.119E-02 3.981E-02 3.583E-01 1.350E+00
 130   912.78 3.256E-02 1.000E+11 2.696E-02 1.000E+04 6.119E-02 6.310E-02 3.580E-01 1.330E+00
 130   912.78 3.256E-02 1.000E+11 2.696E-02 1.000E+04 6.119E-02 1.000E-01 3.571E-01 1.279E+00
 130   912.78 3.256E-02 1.000E+11 2.696E-02 1.000E+04 6.119E-02 1.585E-01 3.548E-01 1.144E+00
 130   912.78 3.256E-02 1.000E+11 2.696E-02 1.000E+04 6.119E-02 2.512E-01 3.492E-01 8.427E-01
 130   912.78 3.256E-02 1.000E+11 2.696E-02 1.000E+04 6.119E-02 3.981E-01 3.356E-01 4.234E-01
 130   912.78 3.256E-02 1.000E+11 2.696E-02 1.000E+04 6.119E-02 6.310E-01 3.036E-01 1.420E-01
 130   912.78 3.256E-02 1.000E+11 2.696E-02 1.000E+04 6.119E-02 1.000E+00 2.363E-01 4.095E-02
 130   912.78 3.256E-02 1.000E+11 2.696E-02 1.000E+04 6.119E-02 1.585E+00 1.269E-01 1.194E-02
 130   912.78 3.256E-02 1.000E+11 2.696E-02 1.000E+04 6.119E-02 2.512E+00 2.868E-02 3.585E-03
 130   912.78 3.256E-02 1.000E+11 2.696E-02 1.000E+04 6.119E-02 3.981E+00 2.032E-03 1.061E-03
 130   912.78 3.256E-02 1.000E+11 2.696E-02 1.000E+04 6.119E-02 6.310E+00 3.765E-04 3.291E-04
 130   912.78 3.256E-02 1.000E+11 2.696E-02 1.000E+04 6.119E-02 1.000E+01 1.087E-04 1.035E-04
 130   912.78 3.256E-02 1.000E+11 2.696E-02 1.000E+04 6.119E-02 1.585E+01 3.326E-05 3.265E-05
 130   912.78 3.256E-02 1.000E+11 2.696E-02 1.000E+04 6.119E-02 2.512E+01 1.039E-05 1.031E-05
 130   912.78 3.256E-02 1.000E+11 2.696E-02 1.000E+04 6.119E-02 3.981E+01 3.269E-06 3.260E-06
 130   912.78 3.256E-02 1.000E+11 2.696E-02 1.000E+04 6.119E-02 6.310E+01 1.032E-06 1.031E-06
 130   912.78 3.256E-02 1.000E+11 2.696E-02 1.995E+04 4.332E-02 0.000E+00 2.619E-01 1.421E+00
 130   912.78 3.256E-02 1.000E+11 2.696E-02 1.995E+04 4.332E-02 3.981E-02 2.618E-01 1.405E+00
 130   912.78 3.256E-02 1.000E+11 2.696E-02 1.995E+04 4.332E-02 6.310E-02 2.617E-01 1.382E+00
 130   912.78 3.256E-02 1.000E+11 2.696E-02 1.995E+04 4.332E-02 1.000E-01 2.613E-01 1.321E+00
 130   912.78 3.256E-02 1.000E+11 2.696E-02 1.995E+04 4.332E-02 1.585E-01 2.605E-01 1.164E+00
 130   912.78 3.256E-02 1.000E+11 2.696E-02 1.995E+04 4.332E-02 2.512E-01 2.583E-01 8.323E-01
 130   912.78 3.256E-02 1.000E+11 2.696E-02 1.995E+04 4.332E-02 3.981E-01 2.529E-01 4.045E-01
 130   912.78 3.256E-02 1.000E+11 2.696E-02 1.995E+04 4.332E-02 6.310E-01 2.399E-01 1.345E-01
 130   912.78 3.256E-02 1.000E+11 2.696E-02 1.995E+04 4.332E-02 1.000E+00 2.102E-01 3.934E-02
 130   912.78 3.256E-02 1.000E+11 2.696E-02 1.995E+04 4.332E-02 1.585E+00 1.510E-01 1.166E-02
 130   912.78 3.256E-02 1.000E+11 2.696E-02 1.995E+04 4.332E-02 2.512E+00 6.634E-02 3.547E-03
 130   912.78 3.256E-02 1.000E+11 2.696E-02 1.995E+04 4.332E-02 3.981E+00 9.345E-03 1.061E-03
 130   912.78 3.256E-02 1.000E+11 2.696E-02 1.995E+04 4.332E-02 6.310E+00 4.921E-04 3.291E-04
 130   912.78 3.256E-02 1.000E+11 2.696E-02 1.995E+04 4.332E-02 1.000E+01 1.148E-04 1.035E-04
 130   912.78 3.256E-02 1.000E+11 2.696E-02 1.995E+04 4.332E-02 1.585E+01 3.391E-05 3.265E-05
 130   912.78 3.256E-02 1.000E+11 2.696E-02 1.995E+04 4.332E-02 2.512E+01 1.047E-05 1.031E-05
 130   912.78 3.256E-02 1.000E+11 2.696E-02 1.995E+04 4.332E-02 3.981E+01 3.279E-06 3.260E-06
 130   912.78 3.256E-02 1.000E+11 2.696E-02 1.995E+04 4.332E-02 6.310E+01 1.033E-06 1.031E-06
 130   912.78 3.256E-02 1.000E+11 2.696E-02 1.995E+04 4.332E-02 1.000E+02 3.264E-07 3.261E-07
 130   912.78 3.256E-02 1.000E+11 2.696E-02 3.981E+04 3.067E-02 0.000E+00 1.890E-01 1.492E+00
 130   912.78 3.256E-02 1.000E+11 2.696E-02 3.981E+04 3.067E-02 3.981E-02 1.889E-01 1.474E+00
 130   912.78 3.256E-02 1.000E+11 2.696E-02 3.981E+04 3.067E-02 6.310E-02 1.889E-01 1.444E+00
 130   912.78 3.256E-02 1.000E+11 2.696E-02 3.981E+04 3.067E-02 1.000E-01 1.887E-01 1.370E+00
 130   912.78 3.256E-02 1.000E+11 2.696E-02 3.981E+04 3.067E-02 1.585E-01 1.884E-01 1.186E+00
 130   912.78 3.256E-02 1.000E+11 2.696E-02 3.981E+04 3.067E-02 2.512E-01 1.876E-01 8.199E-01
 130   912.78 3.256E-02 1.000E+11 2.696E-02 3.981E+04 3.067E-02 3.981E-01 1.856E-01 3.834E-01
 130   912.78 3.256E-02 1.000E+11 2.696E-02 3.981E+04 3.067E-02 6.310E-01 1.806E-01 1.259E-01
 130   912.78 3.256E-02 1.000E+11 2.696E-02 3.981E+04 3.067E-02 1.000E+00 1.687E-01 3.720E-02
 130   912.78 3.256E-02 1.000E+11 2.696E-02 3.981E+04 3.067E-02 1.585E+00 1.421E-01 1.120E-02
 130   912.78 3.256E-02 1.000E+11 2.696E-02 3.981E+04 3.067E-02 2.512E+00 9.255E-02 3.462E-03
 130   912.78 3.256E-02 1.000E+11 2.696E-02 3.981E+04 3.067E-02 3.981E+00 3.183E-02 1.083E-03
 130   912.78 3.256E-02 1.000E+11 2.696E-02 3.981E+04 3.067E-02 6.310E+00 2.556E-03 3.292E-04
 130   912.78 3.256E-02 1.000E+11 2.696E-02 3.981E+04 3.067E-02 1.000E+01 1.332E-04 1.035E-04
 130   912.78 3.256E-02 1.000E+11 2.696E-02 3.981E+04 3.067E-02 1.585E+01 3.537E-05 3.265E-05
 130   912.78 3.256E-02 1.000E+11 2.696E-02 3.981E+04 3.067E-02 2.512E+01 1.062E-05 1.031E-05
 130   912.78 3.256E-02 1.000E+11 2.696E-02 3.981E+04 3.067E-02 3.981E+01 3.298E-06 3.260E-06
 130   912.78 3.256E-02 1.000E+11 2.696E-02 3.981E+04 3.067E-02 6.310E+01 1.036E-06 1.031E-06
 130   912.78 3.256E-02 1.000E+11 2.696E-02 3.981E+04 3.067E-02 1.000E+02 3.267E-07 3.261E-07
 130   912.78 3.256E-02 1.000E+11 2.696E-02 3.981E+04 3.067E-02 1.585E+02 1.033E-07 1.032E-07
 130   912.78 3.256E-02 1.000E+11 2.696E-02 7.943E+04 2.171E-02 0.000E+00 1.353E-01 1.572E+00
 130   912.78 3.256E-02 1.000E+11 2.696E-02 7.943E+04 2.171E-02 3.981E-02 1.353E-01 1.550E+00
 130   912.78 3.256E-02 1.000E+11 2.696E-02 7.943E+04 2.171E-02 6.310E-02 1.353E-01 1.514E+00
 130   912.78 3.256E-02 1.000E+11 2.696E-02 7.943E+04 2.171E-02 1.000E-01 1.352E-01 1.423E+00
 130   912.78 3.256E-02 1.000E+11 2.696E-02 7.943E+04 2.171E-02 1.585E-01 1.351E-01 1.208E+00
 130   912.78 3.256E-02 1.000E+11 2.696E-02 7.943E+04 2.171E-02 2.512E-01 1.348E-01 8.053E-01
 130   912.78 3.256E-02 1.000E+11 2.696E-02 7.943E+04 2.171E-02 3.981E-01 1.341E-01 3.614E-01
 130   912.78 3.256E-02 1.000E+11 2.696E-02 7.943E+04 2.171E-02 6.310E-01 1.322E-01 1.170E-01
 130   912.78 3.256E-02 1.000E+11 2.696E-02 7.943E+04 2.171E-02 1.000E+00 1.277E-01 3.480E-02
 130   912.78 3.256E-02 1.000E+11 2.696E-02 7.943E+04 2.171E-02 1.585E+00 1.170E-01 1.060E-02
 130   912.78 3.256E-02 1.000E+11 2.696E-02 7.943E+04 2.171E-02 2.512E+00 9.397E-02 3.332E-03
 130   912.78 3.256E-02 1.000E+11 2.696E-02 7.943E+04 2.171E-02 3.981E+00 5.423E-02 1.056E-03
 130   912.78 3.256E-02 1.000E+11 2.696E-02 7.943E+04 2.171E-02 6.310E+00 1.379E-02 3.321E-04
 130   912.78 3.256E-02 1.000E+11 2.696E-02 7.943E+04 2.171E-02 1.000E+01 5.768E-04 1.035E-04
 130   912.78 3.256E-02 1.000E+11 2.696E-02 7.943E+04 2.171E-02 1.585E+01 3.895E-05 3.265E-05
 130   912.78 3.256E-02 1.000E+11 2.696E-02 7.943E+04 2.171E-02 2.512E+01 1.097E-05 1.031E-05
 130   912.78 3.256E-02 1.000E+11 2.696E-02 7.943E+04 2.171E-02 3.981E+01 3.337E-06 3.260E-06
 130   912.78 3.256E-02 1.000E+11 2.696E-02 7.943E+04 2.171E-02 6.310E+01 1.040E-06 1.031E-06
 130   912.78 3.256E-02 1.000E+11 2.696E-02 7.943E+04 2.171E-02 1.000E+02 3.273E-07 3.261E-07
 130   912.78 3.256E-02 1.000E+11 2.696E-02 7.943E+04 2.171E-02 1.585E+02 1.034E-07 1.032E-07
 130   912.78 3.256E-02 1.000E+11 2.696E-02 1.585E+05 1.537E-02 0.000E+00 9.643E-02 1.660E+00
 130   912.78 3.256E-02 1.000E+11 2.696E-02 1.585E+05 1.537E-02 2.512E-02 9.643E-02 1.650E+00
 130   912.78 3.256E-02 1.000E+11 2.696E-02 1.585E+05 1.537E-02 3.981E-02 9.643E-02 1.632E+00
 130   912.78 3.256E-02 1.000E+11 2.696E-02 1.585E+05 1.537E-02 6.310E-02 9.642E-02 1.588E+00
 130   912.78 3.256E-02 1.000E+11 2.696E-02 1.585E+05 1.537E-02 1.000E-01 9.641E-02 1.479E+00
 130   912.78 3.256E-02 1.000E+11 2.696E-02 1.585E+05 1.537E-02 1.585E-01 9.636E-02 1.229E+00
 130   912.78 3.256E-02 1.000E+11 2.696E-02 1.585E+05 1.537E-02 2.512E-01 9.626E-02 7.878E-01
 130   912.78 3.256E-02 1.000E+11 2.696E-02 1.585E+05 1.537E-02 3.981E-01 9.599E-02 3.391E-01
 130   912.78 3.256E-02 1.000E+11 2.696E-02 1.585E+05 1.537E-02 6.310E-01 9.532E-02 1.083E-01
 130   912.78 3.256E-02 1.000E+11 2.696E-02 1.585E+05 1.537E-02 1.000E+00 9.365E-02 3.236E-02
 130   912.78 3.256E-02 1.000E+11 2.696E-02 1.585E+05 1.537E-02 1.585E+00 8.960E-02 9.950E-03
 130   912.78 3.256E-02 1.000E+11 2.696E-02 1.585E+05 1.537E-02 2.512E+00 8.017E-02 3.150E-03
 130   912.78 3.256E-02 1.000E+11 2.696E-02 1.585E+05 1.537E-02 3.981E+00 6.066E-02 9.934E-04
 130   912.78 3.256E-02 1.000E+11 2.696E-02 1.585E+05 1.537E-02 6.310E+00 3.014E-02 3.220E-04
 130   912.78 3.256E-02 1.000E+11 2.696E-02 1.585E+05 1.537E-02 1.000E+01 5.274E-03 1.038E-04
 130   912.78 3.256E-02 1.000E+11 2.696E-02 1.585E+05 1.537E-02 1.585E+01 1.099E-04 3.265E-05
 130   912.78 3.256E-02 1.000E+11 2.696E-02 1.585E+05 1.537E-02 2.512E+01 1.177E-05 1.031E-05
 130   912.78 3.256E-02 1.000E+11 2.696E-02 1.585E+05 1.537E-02 3.981E+01 3.421E-06 3.260E-06
 130   912.78 3.256E-02 1.000E+11 2.696E-02 1.585E+05 1.537E-02 6.310E+01 1.050E-06 1.031E-06
 130   912.78 3.256E-02 1.000E+11 2.696E-02 1.585E+05 1.537E-02 1.000E+02 3.285E-07 3.261E-07
 130   912.78 3.256E-02 1.000E+11 2.696E-02 1.585E+05 1.537E-02 1.585E+02 1.035E-07 1.032E-07
 130   912.78 3.256E-02 1.000E+11 2.696E-02 1.585E+05 1.537E-02 2.512E+02 3.272E-08 3.268E-08
 130   912.78 3.256E-02 1.000E+11 2.696E-02 3.162E+05 1.088E-02 0.000E+00 6.854E-02 1.754E+00
 130   912.78 3.256E-02 1.000E+11 2.696E-02 3.162E+05 1.088E-02 2.512E-02 6.854E-02 1.741E+00
 130   912.78 3.256E-02 1.000E+11 2.696E-02 3.162E+05 1.088E-02 3.981E-02 6.854E-02 1.719E+00
 130   912.78 3.256E-02 1.000E+11 2.696E-02 3.162E+05 1.088E-02 6.310E-02 6.854E-02 1.666E+00
 130   912.78 3.256E-02 1.000E+11 2.696E-02 3.162E+05 1.088E-02 1.000E-01 6.853E-02 1.537E+00
 130   912.78 3.256E-02 1.000E+11 2.696E-02 3.162E+05 1.088E-02 1.585E-01 6.852E-02 1.249E+00
 130   912.78 3.256E-02 1.000E+11 2.696E-02 3.162E+05 1.088E-02 2.512E-01 6.848E-02 7.662E-01
 130   912.78 3.256E-02 1.000E+11 2.696E-02 3.162E+05 1.088E-02 3.981E-01 6.838E-02 3.168E-01
 130   912.78 3.256E-02 1.000E+11 2.696E-02 3.162E+05 1.088E-02 6.310E-01 6.814E-02 1.003E-01
 130   912.78 3.256E-02 1.000E+11 2.696E-02 3.162E+05 1.088E-02 1.000E+00 6.754E-02 3.011E-02
 130   912.78 3.256E-02 1.000E+11 2.696E-02 3.162E+05 1.088E-02 1.585E+00 6.605E-02 9.272E-03
 130   912.78 3.256E-02 1.000E+11 2.696E-02 3.162E+05 1.088E-02 2.512E+00 6.245E-02 2.949E-03
 130   912.78 3.256E-02 1.000E+11 2.696E-02 3.162E+05 1.088E-02 3.981E+00 5.425E-02 9.371E-04
 130   912.78 3.256E-02 1.000E+11 2.696E-02 3.162E+05 1.088E-02 6.310E+00 3.810E-02 3.068E-04
 130   912.78 3.256E-02 1.000E+11 2.696E-02 3.162E+05 1.088E-02 1.000E+01 1.571E-02 1.001E-04
 130   912.78 3.256E-02 1.000E+11 2.696E-02 3.162E+05 1.088E-02 1.585E+01 1.726E-03 3.243E-05
 130   912.78 3.256E-02 1.000E+11 2.696E-02 3.162E+05 1.088E-02 2.512E+01 2.027E-05 1.043E-05
 130   912.78 3.256E-02 1.000E+11 2.696E-02 3.162E+05 1.088E-02 3.981E+01 3.619E-06 3.260E-06
 130   912.78 3.256E-02 1.000E+11 2.696E-02 3.162E+05 1.088E-02 6.310E+01 1.070E-06 1.031E-06
 130   912.78 3.256E-02 1.000E+11 2.696E-02 3.162E+05 1.088E-02 1.000E+02 3.310E-07 3.261E-07
 130   912.78 3.256E-02 1.000E+11 2.696E-02 3.162E+05 1.088E-02 1.585E+02 1.038E-07 1.032E-07
 130   912.78 3.256E-02 1.000E+11 2.696E-02 3.162E+05 1.088E-02 2.512E+02 3.275E-08 3.268E-08
 130   912.78 3.256E-02 1.000E+11 2.696E-02 3.162E+05 1.088E-02 3.981E+02 1.037E-08 1.036E-08
 130   912.78 3.256E-02 1.000E+11 2.696E-02 6.310E+05 7.703E-03 0.000E+00 4.863E-02 1.856E+00
 130   912.78 3.256E-02 1.000E+11 2.696E-02 6.310E+05 7.703E-03 2.512E-02 4.863E-02 1.840E+00
 130   912.78 3.256E-02 1.000E+11 2.696E-02 6.310E+05 7.703E-03 3.981E-02 4.863E-02 1.814E+00
 130   912.78 3.256E-02 1.000E+11 2.696E-02 6.310E+05 7.703E-03 6.310E-02 4.863E-02 1.750E+00
 130   912.78 3.256E-02 1.000E+11 2.696E-02 6.310E+05 7.703E-03 1.000E-01 4.863E-02 1.598E+00
 130   912.78 3.256E-02 1.000E+11 2.696E-02 6.310E+05 7.703E-03 1.585E-01 4.862E-02 1.265E+00
 130   912.78 3.256E-02 1.000E+11 2.696E-02 6.310E+05 7.703E-03 2.512E-01 4.861E-02 7.382E-01
 130   912.78 3.256E-02 1.000E+11 2.696E-02 6.310E+05 7.703E-03 3.981E-01 4.857E-02 2.938E-01
 130   912.78 3.256E-02 1.000E+11 2.696E-02 6.310E+05 7.703E-03 6.310E-01 4.849E-02 9.304E-02
 130   912.78 3.256E-02 1.000E+11 2.696E-02 6.310E+05 7.703E-03 1.000E+00 4.827E-02 2.804E-02
 130   912.78 3.256E-02 1.000E+11 2.696E-02 6.310E+05 7.703E-03 1.585E+00 4.773E-02 8.647E-03
 130   912.78 3.256E-02 1.000E+11 2.696E-02 6.310E+05 7.703E-03 2.512E+00 4.641E-02 2.751E-03
 130   912.78 3.256E-02 1.000E+11 2.696E-02 6.310E+05 7.703E-03 3.981E+00 4.324E-02 8.754E-04
 130   912.78 3.256E-02 1.000E+11 2.696E-02 6.310E+05 7.703E-03 6.310E+00 3.619E-02 2.883E-04
 130   912.78 3.256E-02 1.000E+11 2.696E-02 6.310E+05 7.703E-03 1.000E+01 2.316E-02 9.487E-05
 130   912.78 3.256E-02 1.000E+11 2.696E-02 6.310E+05 7.703E-03 1.585E+01 7.557E-03 3.109E-05
 130   912.78 3.256E-02 1.000E+11 2.696E-02 6.310E+05 7.703E-03 2.512E+01 4.653E-04 1.012E-05
 130   912.78 3.256E-02 1.000E+11 2.696E-02 6.310E+05 7.703E-03 3.981E+01 4.473E-06 3.275E-06
 130   912.78 3.256E-02 1.000E+11 2.696E-02 6.310E+05 7.703E-03 6.310E+01 1.117E-06 1.031E-06
 130   912.78 3.256E-02 1.000E+11 2.696E-02 6.310E+05 7.703E-03 1.000E+02 3.358E-07 3.261E-07
 130   912.78 3.256E-02 1.000E+11 2.696E-02 6.310E+05 7.703E-03 1.585E+02 1.044E-07 1.032E-07
 130   912.78 3.256E-02 1.000E+11 2.696E-02 6.310E+05 7.703E-03 2.512E+02 3.283E-08 3.268E-08
 130   912.78 3.256E-02 1.000E+11 2.696E-02 6.310E+05 7.703E-03 3.981E+02 1.037E-08 1.036E-08
 130   912.78 3.256E-02 1.000E+11 2.696E-02 1.260E+06 5.454E-03 0.000E+00 3.445E-02 1.974E+00
 130   912.78 3.256E-02 1.000E+11 2.696E-02 1.260E+06 5.454E-03 2.512E-02 3.445E-02 1.954E+00
 130   912.78 3.256E-02 1.000E+11 2.696E-02 1.260E+06 5.454E-03 3.981E-02 3.445E-02 1.923E+00
 130   912.78 3.256E-02 1.000E+11 2.696E-02 1.260E+06 5.454E-03 6.310E-02 3.445E-02 1.846E+00
 130   912.78 3.256E-02 1.000E+11 2.696E-02 1.260E+06 5.454E-03 1.000E-01 3.445E-02 1.664E+00
 130   912.78 3.256E-02 1.000E+11 2.696E-02 1.260E+06 5.454E-03 1.585E-01 3.445E-02 1.275E+00
 130   912.78 3.256E-02 1.000E+11 2.696E-02 1.260E+06 5.454E-03 2.512E-01 3.444E-02 7.013E-01
 130   912.78 3.256E-02 1.000E+11 2.696E-02 1.260E+06 5.454E-03 3.981E-01 3.443E-02 2.705E-01
 130   912.78 3.256E-02 1.000E+11 2.696E-02 1.260E+06 5.454E-03 6.310E-01 3.440E-02 8.611E-02
 130   912.78 3.256E-02 1.000E+11 2.696E-02 1.260E+06 5.454E-03 1.000E+00 3.432E-02 2.620E-02
 130   912.78 3.256E-02 1.000E+11 2.696E-02 1.260E+06 5.454E-03 1.585E+00 3.413E-02 7.747E-03
 130   912.78 3.256E-02 1.000E+11 2.696E-02 1.260E+06 5.454E-03 2.512E+00 3.365E-02 2.491E-03
 130   912.78 3.256E-02 1.000E+11 2.696E-02 1.260E+06 5.454E-03 3.981E+00 3.247E-02 8.150E-04
 130   912.78 3.256E-02 1.000E+11 2.696E-02 1.260E+06 5.454E-03 6.310E+00 2.970E-02 2.688E-04
 130   912.78 3.256E-02 1.000E+11 2.696E-02 1.260E+06 5.454E-03 1.000E+01 2.373E-02 8.885E-05
 130   912.78 3.256E-02 1.000E+11 2.696E-02 1.260E+06 5.454E-03 1.585E+01 1.351E-02 2.936E-05
 130   912.78 3.256E-02 1.000E+11 2.696E-02 1.260E+06 5.454E-03 2.512E+01 3.289E-03 9.658E-06
 130   912.78 3.256E-02 1.000E+11 2.696E-02 1.260E+06 5.454E-03 3.981E+01 9.864E-05 3.159E-06
 130   912.78 3.256E-02 1.000E+11 2.696E-02 1.260E+06 5.454E-03 6.310E+01 1.224E-06 1.025E-06
 130   912.78 3.256E-02 1.000E+11 2.696E-02 1.260E+06 5.454E-03 1.000E+02 3.503E-07 3.301E-07
 130   912.78 3.256E-02 1.000E+11 2.696E-02 1.260E+06 5.454E-03 1.585E+02 1.058E-07 1.032E-07
 130   912.78 3.256E-02 1.000E+11 2.696E-02 1.260E+06 5.454E-03 2.512E+02 3.297E-08 3.268E-08
 130   912.78 3.256E-02 1.000E+11 2.696E-02 1.260E+06 5.454E-03 3.981E+02 1.039E-08 1.036E-08
 130   912.78 3.256E-02 1.000E+11 2.696E-02 1.260E+06 5.454E-03 6.310E+02 3.290E-09 3.286E-09
 130   912.78 3.256E-02 3.162E+11 5.808E-02 2.500E+03 1.483E-01 0.000E+00 9.808E-01 1.276E+00
 130   912.78 3.256E-02 3.162E+11 5.808E-02 2.500E+03 1.483E-01 1.585E-02 9.799E-01 1.273E+00
 130   912.78 3.256E-02 3.162E+11 5.808E-02 2.500E+03 1.483E-01 2.512E-02 9.785E-01 1.270E+00
 130   912.78 3.256E-02 3.162E+11 5.808E-02 2.500E+03 1.483E-01 3.981E-02 9.752E-01 1.263E+00
 130   912.78 3.256E-02 3.162E+11 5.808E-02 2.500E+03 1.483E-01 6.310E-02 9.667E-01 1.248E+00
 130   912.78 3.256E-02 3.162E+11 5.808E-02 2.500E+03 1.483E-01 1.000E-01 9.459E-01 1.210E+00
 130   912.78 3.256E-02 3.162E+11 5.808E-02 2.500E+03 1.483E-01 1.585E-01 8.957E-01 1.111E+00
 130   912.78 3.256E-02 3.162E+11 5.808E-02 2.500E+03 1.483E-01 2.512E-01 7.818E-01 8.643E-01
 130   912.78 3.256E-02 3.162E+11 5.808E-02 2.500E+03 1.483E-01 3.981E-01 5.602E-01 4.579E-01
 130   912.78 3.256E-02 3.162E+11 5.808E-02 2.500E+03 1.483E-01 6.310E-01 2.590E-01 1.531E-01
 130   912.78 3.256E-02 3.162E+11 5.808E-02 2.500E+03 1.483E-01 1.000E+00 6.274E-02 4.266E-02
 130   912.78 3.256E-02 3.162E+11 5.808E-02 2.500E+03 1.483E-01 1.585E+00 1.324E-02 1.148E-02
 130   912.78 3.256E-02 3.162E+11 5.808E-02 2.500E+03 1.483E-01 2.512E+00 3.592E-03 3.448E-03
 130   912.78 3.256E-02 3.162E+11 5.808E-02 2.500E+03 1.483E-01 3.981E+00 1.070E-03 1.052E-03
 130   912.78 3.256E-02 3.162E+11 5.808E-02 2.500E+03 1.483E-01 6.310E+00 3.312E-04 3.292E-04
 130   912.78 3.256E-02 3.162E+11 5.808E-02 2.500E+03 1.483E-01 1.000E+01 1.038E-04 1.036E-04
 130   912.78 3.256E-02 3.162E+11 5.808E-02 2.500E+03 1.483E-01 1.585E+01 3.269E-05 3.266E-05
 130   912.78 3.256E-02 3.162E+11 5.808E-02 2.500E+03 1.483E-01 2.512E+01 1.032E-05 1.032E-05
 130   912.78 3.256E-02 3.162E+11 5.808E-02 5.000E+03 1.048E-01 0.000E+00 8.280E-01 1.280E+00
 130   912.78 3.256E-02 3.162E+11 5.808E-02 5.000E+03 1.048E-01 1.585E-02 8.275E-01 1.278E+00
 130   912.78 3.256E-02 3.162E+11 5.808E-02 5.000E+03 1.048E-01 2.512E-02 8.267E-01 1.275E+00
 130   912.78 3.256E-02 3.162E+11 5.808E-02 5.000E+03 1.048E-01 3.981E-02 8.247E-01 1.268E+00
 130   912.78 3.256E-02 3.162E+11 5.808E-02 5.000E+03 1.048E-01 6.310E-02 8.198E-01 1.253E+00
 130   912.78 3.256E-02 3.162E+11 5.808E-02 5.000E+03 1.048E-01 1.000E-01 8.076E-01 1.216E+00
 130   912.78 3.256E-02 3.162E+11 5.808E-02 5.000E+03 1.048E-01 1.585E-01 7.779E-01 1.114E+00
 130   912.78 3.256E-02 3.162E+11 5.808E-02 5.000E+03 1.048E-01 2.512E-01 7.083E-01 8.614E-01
 130   912.78 3.256E-02 3.162E+11 5.808E-02 5.000E+03 1.048E-01 3.981E-01 5.616E-01 4.544E-01
 130   912.78 3.256E-02 3.162E+11 5.808E-02 5.000E+03 1.048E-01 6.310E-01 3.208E-01 1.524E-01
 130   912.78 3.256E-02 3.162E+11 5.808E-02 5.000E+03 1.048E-01 1.000E+00 9.490E-02 4.262E-02
 130   912.78 3.256E-02 3.162E+11 5.808E-02 5.000E+03 1.048E-01 1.585E+00 1.645E-02 1.211E-02
 130   912.78 3.256E-02 3.162E+11 5.808E-02 5.000E+03 1.048E-01 2.512E+00 3.818E-03 3.450E-03
 130   912.78 3.256E-02 3.162E+11 5.808E-02 5.000E+03 1.048E-01 3.981E+00 1.095E-03 1.061E-03
 130   912.78 3.256E-02 3.162E+11 5.808E-02 5.000E+03 1.048E-01 6.310E+00 3.336E-04 3.292E-04
 130   912.78 3.256E-02 3.162E+11 5.808E-02 5.000E+03 1.048E-01 1.000E+01 1.041E-04 1.036E-04
 130   912.78 3.256E-02 3.162E+11 5.808E-02 5.000E+03 1.048E-01 1.585E+01 3.273E-05 3.266E-05
 130   912.78 3.256E-02 3.162E+11 5.808E-02 5.000E+03 1.048E-01 2.512E+01 1.033E-05 1.032E-05
 130   912.78 3.256E-02 3.162E+11 5.808E-02 1.000E+04 7.413E-02 0.000E+00 6.655E-01 1.302E+00
 130   912.78 3.256E-02 3.162E+11 5.808E-02 1.000E+04 7.413E-02 1.585E-02 6.652E-01 1.300E+00
 130   912.78 3.256E-02 3.162E+11 5.808E-02 1.000E+04 7.413E-02 2.512E-02 6.649E-01 1.298E+00
 130   912.78 3.256E-02 3.162E+11 5.808E-02 1.000E+04 7.413E-02 3.981E-02 6.639E-01 1.291E+00
 130   912.78 3.256E-02 3.162E+11 5.808E-02 1.000E+04 7.413E-02 6.310E-02 6.614E-01 1.276E+00
 130   912.78 3.256E-02 3.162E+11 5.808E-02 1.000E+04 7.413E-02 1.000E-01 6.553E-01 1.235E+00
 130   912.78 3.256E-02 3.162E+11 5.808E-02 1.000E+04 7.413E-02 1.585E-01 6.402E-01 1.125E+00
 130   912.78 3.256E-02 3.162E+11 5.808E-02 1.000E+04 7.413E-02 2.512E-01 6.039E-01 8.556E-01
 130   912.78 3.256E-02 3.162E+11 5.808E-02 1.000E+04 7.413E-02 3.981E-01 5.220E-01 4.440E-01
 130   912.78 3.256E-02 3.162E+11 5.808E-02 1.000E+04 7.413E-02 6.310E-01 3.642E-01 1.491E-01
 130   912.78 3.256E-02 3.162E+11 5.808E-02 1.000E+04 7.413E-02 1.000E+00 1.545E-01 4.218E-02
 130   912.78 3.256E-02 3.162E+11 5.808E-02 1.000E+04 7.413E-02 1.585E+00 2.747E-02 1.208E-02
 130   912.78 3.256E-02 3.162E+11 5.808E-02 1.000E+04 7.413E-02 2.512E+00 4.336E-03 3.452E-03
 130   912.78 3.256E-02 3.162E+11 5.808E-02 1.000E+04 7.413E-02 3.981E+00 1.134E-03 1.061E-03
 130   912.78 3.256E-02 3.162E+11 5.808E-02 1.000E+04 7.413E-02 6.310E+00 3.381E-04 3.292E-04
 130   912.78 3.256E-02 3.162E+11 5.808E-02 1.000E+04 7.413E-02 1.000E+01 1.046E-04 1.036E-04
 130   912.78 3.256E-02 3.162E+11 5.808E-02 1.000E+04 7.413E-02 1.585E+01 3.279E-05 3.266E-05
 130   912.78 3.256E-02 3.162E+11 5.808E-02 1.000E+04 7.413E-02 2.512E+01 1.033E-05 1.032E-05
 130   912.78 3.256E-02 3.162E+11 5.808E-02 1.000E+04 7.413E-02 3.981E+01 3.264E-06 3.262E-06
 130   912.78 3.256E-02 3.162E+11 5.808E-02 1.995E+04 5.248E-02 0.000E+00 5.138E-01 1.343E+00
 130   912.78 3.256E-02 3.162E+11 5.808E-02 1.995E+04 5.248E-02 3.981E-02 5.130E-01 1.332E+00
 130   912.78 3.256E-02 3.162E+11 5.808E-02 1.995E+04 5.248E-02 6.310E-02 5.120E-01 1.314E+00
 130   912.78 3.256E-02 3.162E+11 5.808E-02 1.995E+04 5.248E-02 1.000E-01 5.092E-01 1.268E+00
 130   912.78 3.256E-02 3.162E+11 5.808E-02 1.995E+04 5.248E-02 1.585E-01 5.024E-01 1.142E+00
 130   912.78 3.256E-02 3.162E+11 5.808E-02 1.995E+04 5.248E-02 2.512E-01 4.858E-01 8.474E-01
 130   912.78 3.256E-02 3.162E+11 5.808E-02 1.995E+04 5.248E-02 3.981E-01 4.465E-01 4.285E-01
 130   912.78 3.256E-02 3.162E+11 5.808E-02 1.995E+04 5.248E-02 6.310E-01 3.617E-01 1.435E-01
 130   912.78 3.256E-02 3.162E+11 5.808E-02 1.995E+04 5.248E-02 1.000E+00 2.151E-01 4.119E-02
 130   912.78 3.256E-02 3.162E+11 5.808E-02 1.995E+04 5.248E-02 1.585E+00 6.298E-02 1.197E-02
 130   912.78 3.256E-02 3.162E+11 5.808E-02 1.995E+04 5.248E-02 2.512E+00 6.814E-03 3.453E-03
 130   912.78 3.256E-02 3.162E+11 5.808E-02 1.995E+04 5.248E-02 3.981E+00 1.232E-03 1.061E-03
 130   912.78 3.256E-02 3.162E+11 5.808E-02 1.995E+04 5.248E-02 6.310E+00 3.477E-04 3.292E-04
 130   912.78 3.256E-02 3.162E+11 5.808E-02 1.995E+04 5.248E-02 1.000E+01 1.056E-04 1.036E-04
 130   912.78 3.256E-02 3.162E+11 5.808E-02 1.995E+04 5.248E-02 1.585E+01 3.292E-05 3.266E-05
 130   912.78 3.256E-02 3.162E+11 5.808E-02 1.995E+04 5.248E-02 2.512E+01 1.035E-05 1.032E-05
 130   912.78 3.256E-02 3.162E+11 5.808E-02 1.995E+04 5.248E-02 3.981E+01 3.266E-06 3.262E-06
 130   912.78 3.256E-02 3.162E+11 5.808E-02 3.981E+04 3.716E-02 0.000E+00 3.845E-01 1.401E+00
 130   912.78 3.256E-02 3.162E+11 5.808E-02 3.981E+04 3.716E-02 3.981E-02 3.842E-01 1.388E+00
 130   912.78 3.256E-02 3.162E+11 5.808E-02 3.981E+04 3.716E-02 6.310E-02 3.837E-01 1.367E+00
 130   912.78 3.256E-02 3.162E+11 5.808E-02 3.981E+04 3.716E-02 1.000E-01 3.826E-01 1.311E+00
 130   912.78 3.256E-02 3.162E+11 5.808E-02 3.981E+04 3.716E-02 1.585E-01 3.798E-01 1.162E+00
 130   912.78 3.256E-02 3.162E+11 5.808E-02 3.981E+04 3.716E-02 2.512E-01 3.729E-01 8.369E-01
 130   912.78 3.256E-02 3.162E+11 5.808E-02 3.981E+04 3.716E-02 3.981E-01 3.561E-01 4.091E-01
 130   912.78 3.256E-02 3.162E+11 5.808E-02 3.981E+04 3.716E-02 6.310E-01 3.172E-01 1.360E-01
 130   912.78 3.256E-02 3.162E+11 5.808E-02 3.981E+04 3.716E-02 1.000E+00 2.376E-01 3.961E-02
 130   912.78 3.256E-02 3.162E+11 5.808E-02 3.981E+04 3.716E-02 1.585E+00 1.164E-01 1.170E-02
 130   912.78 3.256E-02 3.162E+11 5.808E-02 3.981E+04 3.716E-02 2.512E+00 2.184E-02 3.553E-03
 130   912.78 3.256E-02 3.162E+11 5.808E-02 3.981E+04 3.716E-02 3.981E+00 1.676E-03 1.061E-03
 130   912.78 3.256E-02 3.162E+11 5.808E-02 3.981E+04 3.716E-02 6.310E+00 3.684E-04 3.292E-04
 130   912.78 3.256E-02 3.162E+11 5.808E-02 3.981E+04 3.716E-02 1.000E+01 1.080E-04 1.036E-04
 130   912.78 3.256E-02 3.162E+11 5.808E-02 3.981E+04 3.716E-02 1.585E+01 3.318E-05 3.266E-05
 130   912.78 3.256E-02 3.162E+11 5.808E-02 3.981E+04 3.716E-02 2.512E+01 1.038E-05 1.032E-05
 130   912.78 3.256E-02 3.162E+11 5.808E-02 3.981E+04 3.716E-02 3.981E+01 3.270E-06 3.262E-06
 130   912.78 3.256E-02 3.162E+11 5.808E-02 3.981E+04 3.716E-02 6.310E+01 1.033E-06 1.032E-06
 130   912.78 3.256E-02 3.162E+11 5.808E-02 7.943E+04 2.630E-02 0.000E+00 2.817E-01 1.472E+00
 130   912.78 3.256E-02 3.162E+11 5.808E-02 7.943E+04 2.630E-02 3.981E-02 2.816E-01 1.456E+00
 130   912.78 3.256E-02 3.162E+11 5.808E-02 7.943E+04 2.630E-02 6.310E-02 2.814E-01 1.430E+00
 130   912.78 3.256E-02 3.162E+11 5.808E-02 7.943E+04 2.630E-02 1.000E-01 2.810E-01 1.360E+00
 130   912.78 3.256E-02 3.162E+11 5.808E-02 7.943E+04 2.630E-02 1.585E-01 2.799E-01 1.184E+00
 130   912.78 3.256E-02 3.162E+11 5.808E-02 7.943E+04 2.630E-02 2.512E-01 2.772E-01 8.242E-01
 130   912.78 3.256E-02 3.162E+11 5.808E-02 7.943E+04 2.630E-02 3.981E-01 2.705E-01 3.875E-01
 130   912.78 3.256E-02 3.162E+11 5.808E-02 7.943E+04 2.630E-02 6.310E-01 2.545E-01 1.273E-01
 130   912.78 3.256E-02 3.162E+11 5.808E-02 7.943E+04 2.630E-02 1.000E+00 2.183E-01 3.751E-02
 130   912.78 3.256E-02 3.162E+11 5.808E-02 7.943E+04 2.630E-02 1.585E+00 1.488E-01 1.126E-02
 130   912.78 3.256E-02 3.162E+11 5.808E-02 7.943E+04 2.630E-02 2.512E+00 5.760E-02 3.475E-03
 130   912.78 3.256E-02 3.162E+11 5.808E-02 7.943E+04 2.630E-02 3.981E+00 6.392E-03 1.085E-03
 130   912.78 3.256E-02 3.162E+11 5.808E-02 7.943E+04 2.630E-02 6.310E+00 4.425E-04 3.292E-04
 130   912.78 3.256E-02 3.162E+11 5.808E-02 7.943E+04 2.630E-02 1.000E+01 1.127E-04 1.036E-04
 130   912.78 3.256E-02 3.162E+11 5.808E-02 7.943E+04 2.630E-02 1.585E+01 3.375E-05 3.266E-05
 130   912.78 3.256E-02 3.162E+11 5.808E-02 7.943E+04 2.630E-02 2.512E+01 1.045E-05 1.032E-05
 130   912.78 3.256E-02 3.162E+11 5.808E-02 7.943E+04 2.630E-02 3.981E+01 3.278E-06 3.262E-06
 130   912.78 3.256E-02 3.162E+11 5.808E-02 7.943E+04 2.630E-02 6.310E+01 1.034E-06 1.032E-06
 130   912.78 3.256E-02 3.162E+11 5.808E-02 7.943E+04 2.630E-02 1.000E+02 3.269E-07 3.267E-07
 130   912.78 3.256E-02 3.162E+11 5.808E-02 1.585E+05 1.862E-02 0.000E+00 2.036E-01 1.554E+00
 130   912.78 3.256E-02 3.162E+11 5.808E-02 1.585E+05 1.862E-02 2.512E-02 2.036E-01 1.546E+00
 130   912.78 3.256E-02 3.162E+11 5.808E-02 1.585E+05 1.862E-02 3.981E-02 2.035E-01 1.533E+00
 130   912.78 3.256E-02 3.162E+11 5.808E-02 1.585E+05 1.862E-02 6.310E-02 2.035E-01 1.500E+00
 130   912.78 3.256E-02 3.162E+11 5.808E-02 1.585E+05 1.862E-02 1.000E-01 2.033E-01 1.415E+00
 130   912.78 3.256E-02 3.162E+11 5.808E-02 1.585E+05 1.862E-02 1.585E-01 2.029E-01 1.207E+00
 130   912.78 3.256E-02 3.162E+11 5.808E-02 1.585E+05 1.862E-02 2.512E-01 2.019E-01 8.094E-01
 130   912.78 3.256E-02 3.162E+11 5.808E-02 1.585E+05 1.862E-02 3.981E-01 1.994E-01 3.650E-01
 130   912.78 3.256E-02 3.162E+11 5.808E-02 1.585E+05 1.862E-02 6.310E-01 1.932E-01 1.183E-01
 130   912.78 3.256E-02 3.162E+11 5.808E-02 1.585E+05 1.862E-02 1.000E+00 1.784E-01 3.510E-02
 130   912.78 3.256E-02 3.162E+11 5.808E-02 1.585E+05 1.862E-02 1.585E+00 1.462E-01 1.068E-02
 130   912.78 3.256E-02 3.162E+11 5.808E-02 1.585E+05 1.862E-02 2.512E+00 8.883E-02 3.341E-03
 130   912.78 3.256E-02 3.162E+11 5.808E-02 1.585E+05 1.862E-02 3.981E+00 2.584E-02 1.060E-03
 130   912.78 3.256E-02 3.162E+11 5.808E-02 1.585E+05 1.862E-02 6.310E+00 1.567E-03 3.329E-04
 130   912.78 3.256E-02 3.162E+11 5.808E-02 1.585E+05 1.862E-02 1.000E+01 1.264E-04 1.036E-04
 130   912.78 3.256E-02 3.162E+11 5.808E-02 1.585E+05 1.862E-02 1.585E+01 3.490E-05 3.266E-05
 130   912.78 3.256E-02 3.162E+11 5.808E-02 1.585E+05 1.862E-02 2.512E+01 1.059E-05 1.032E-05
 130   912.78 3.256E-02 3.162E+11 5.808E-02 1.585E+05 1.862E-02 3.981E+01 3.294E-06 3.262E-06
 130   912.78 3.256E-02 3.162E+11 5.808E-02 1.585E+05 1.862E-02 6.310E+01 1.036E-06 1.032E-06
 130   912.78 3.256E-02 3.162E+11 5.808E-02 1.585E+05 1.862E-02 1.000E+02 3.272E-07 3.267E-07
 130   912.78 3.256E-02 3.162E+11 5.808E-02 3.162E+05 1.318E-02 0.000E+00 1.459E-01 1.643E+00
 130   912.78 3.256E-02 3.162E+11 5.808E-02 3.162E+05 1.318E-02 2.512E-02 1.459E-01 1.633E+00
 130   912.78 3.256E-02 3.162E+11 5.808E-02 3.162E+05 1.318E-02 3.981E-02 1.459E-01 1.617E+00
 130   912.78 3.256E-02 3.162E+11 5.808E-02 3.162E+05 1.318E-02 6.310E-02 1.459E-01 1.575E+00
 130   912.78 3.256E-02 3.162E+11 5.808E-02 3.162E+05 1.318E-02 1.000E-01 1.458E-01 1.471E+00
 130   912.78 3.256E-02 3.162E+11 5.808E-02 3.162E+05 1.318E-02 1.585E-01 1.457E-01 1.228E+00
 130   912.78 3.256E-02 3.162E+11 5.808E-02 3.162E+05 1.318E-02 2.512E-01 1.453E-01 7.919E-01
 130   912.78 3.256E-02 3.162E+11 5.808E-02 3.162E+05 1.318E-02 3.981E-01 1.444E-01 3.424E-01
 130   912.78 3.256E-02 3.162E+11 5.808E-02 3.162E+05 1.318E-02 6.310E-01 1.421E-01 1.094E-01
 130   912.78 3.256E-02 3.162E+11 5.808E-02 3.162E+05 1.318E-02 1.000E+00 1.364E-01 3.265E-02
 130   912.78 3.256E-02 3.162E+11 5.808E-02 3.162E+05 1.318E-02 1.585E+00 1.232E-01 1.003E-02
 130   912.78 3.256E-02 3.162E+11 5.808E-02 3.162E+05 1.318E-02 2.512E+00 9.545E-02 3.172E-03
 130   912.78 3.256E-02 3.162E+11 5.808E-02 3.162E+05 1.318E-02 3.981E+00 5.036E-02 9.989E-04
 130   912.78 3.256E-02 3.162E+11 5.808E-02 3.162E+05 1.318E-02 6.310E+00 1.031E-02 3.235E-04
 130   912.78 3.256E-02 3.162E+11 5.808E-02 3.162E+05 1.318E-02 1.000E+01 3.275E-04 1.041E-04
 130   912.78 3.256E-02 3.162E+11 5.808E-02 3.162E+05 1.318E-02 1.585E+01 3.783E-05 3.266E-05
 130   912.78 3.256E-02 3.162E+11 5.808E-02 3.162E+05 1.318E-02 2.512E+01 1.087E-05 1.032E-05
 130   912.78 3.256E-02 3.162E+11 5.808E-02 3.162E+05 1.318E-02 3.981E+01 3.328E-06 3.262E-06
 130   912.78 3.256E-02 3.162E+11 5.808E-02 3.162E+05 1.318E-02 6.310E+01 1.040E-06 1.032E-06
 130   912.78 3.256E-02 3.162E+11 5.808E-02 3.162E+05 1.318E-02 1.000E+02 3.277E-07 3.267E-07
 130   912.78 3.256E-02 3.162E+11 5.808E-02 3.162E+05 1.318E-02 1.585E+02 1.036E-07 1.035E-07
 130   912.78 3.256E-02 3.162E+11 5.808E-02 6.310E+05 9.333E-03 0.000E+00 1.041E-01 1.737E+00
 130   912.78 3.256E-02 3.162E+11 5.808E-02 6.310E+05 9.333E-03 2.512E-02 1.041E-01 1.725E+00
 130   912.78 3.256E-02 3.162E+11 5.808E-02 6.310E+05 9.333E-03 3.981E-02 1.041E-01 1.704E+00
 130   912.78 3.256E-02 3.162E+11 5.808E-02 6.310E+05 9.333E-03 6.310E-02 1.040E-01 1.653E+00
 130   912.78 3.256E-02 3.162E+11 5.808E-02 6.310E+05 9.333E-03 1.000E-01 1.040E-01 1.529E+00
 130   912.78 3.256E-02 3.162E+11 5.808E-02 6.310E+05 9.333E-03 1.585E-01 1.040E-01 1.248E+00
 130   912.78 3.256E-02 3.162E+11 5.808E-02 6.310E+05 9.333E-03 2.512E-01 1.038E-01 7.704E-01
 130   912.78 3.256E-02 3.162E+11 5.808E-02 6.310E+05 9.333E-03 3.981E-01 1.035E-01 3.199E-01
 130   912.78 3.256E-02 3.162E+11 5.808E-02 6.310E+05 9.333E-03 6.310E-01 1.027E-01 1.013E-01
 130   912.78 3.256E-02 3.162E+11 5.808E-02 6.310E+05 9.333E-03 1.000E+00 1.006E-01 3.037E-02
 130   912.78 3.256E-02 3.162E+11 5.808E-02 6.310E+05 9.333E-03 1.585E+00 9.552E-02 9.347E-03
 130   912.78 3.256E-02 3.162E+11 5.808E-02 6.310E+05 9.333E-03 2.512E+00 8.392E-02 2.971E-03
 130   912.78 3.256E-02 3.162E+11 5.808E-02 6.310E+05 9.333E-03 3.981E+00 6.064E-02 9.437E-04
 130   912.78 3.256E-02 3.162E+11 5.808E-02 6.310E+05 9.333E-03 6.310E+00 2.686E-02 3.087E-04
 130   912.78 3.256E-02 3.162E+11 5.808E-02 6.310E+05 9.333E-03 1.000E+01 3.561E-03 1.006E-04
 130   912.78 3.256E-02 3.162E+11 5.808E-02 6.310E+05 9.333E-03 1.585E+01 6.474E-05 3.256E-05
 130   912.78 3.256E-02 3.162E+11 5.808E-02 6.310E+05 9.333E-03 2.512E+01 1.165E-05 1.046E-05
 130   912.78 3.256E-02 3.162E+11 5.808E-02 6.310E+05 9.333E-03 3.981E+01 3.403E-06 3.262E-06
 130   912.78 3.256E-02 3.162E+11 5.808E-02 6.310E+05 9.333E-03 6.310E+01 1.048E-06 1.032E-06
 130   912.78 3.256E-02 3.162E+11 5.808E-02 6.310E+05 9.333E-03 1.000E+02 3.287E-07 3.267E-07
 130   912.78 3.256E-02 3.162E+11 5.808E-02 6.310E+05 9.333E-03 1.585E+02 1.037E-07 1.035E-07
 130   912.78 3.256E-02 3.162E+11 5.808E-02 6.310E+05 9.333E-03 2.512E+02 3.285E-08 3.282E-08
 130   912.78 3.256E-02 3.162E+11 5.808E-02 1.260E+06 6.607E-03 0.000E+00 7.397E-02 1.839E+00
 130   912.78 3.256E-02 3.162E+11 5.808E-02 1.260E+06 6.607E-03 2.512E-02 7.397E-02 1.823E+00
 130   912.78 3.256E-02 3.162E+11 5.808E-02 1.260E+06 6.607E-03 3.981E-02 7.397E-02 1.798E+00
 130   912.78 3.256E-02 3.162E+11 5.808E-02 1.260E+06 6.607E-03 6.310E-02 7.397E-02 1.737E+00
 130   912.78 3.256E-02 3.162E+11 5.808E-02 1.260E+06 6.607E-03 1.000E-01 7.396E-02 1.590E+00
 130   912.78 3.256E-02 3.162E+11 5.808E-02 1.260E+06 6.607E-03 1.585E-01 7.394E-02 1.265E+00
 130   912.78 3.256E-02 3.162E+11 5.808E-02 1.260E+06 6.607E-03 2.512E-01 7.389E-02 7.429E-01
 130   912.78 3.256E-02 3.162E+11 5.808E-02 1.260E+06 6.607E-03 3.981E-01 7.377E-02 2.967E-01
 130   912.78 3.256E-02 3.162E+11 5.808E-02 1.260E+06 6.607E-03 6.310E-01 7.347E-02 9.391E-02
 130   912.78 3.256E-02 3.162E+11 5.808E-02 1.260E+06 6.607E-03 1.000E+00 7.271E-02 2.827E-02
 130   912.78 3.256E-02 3.162E+11 5.808E-02 1.260E+06 6.607E-03 1.585E+00 7.085E-02 8.714E-03
 130   912.78 3.256E-02 3.162E+11 5.808E-02 1.260E+06 6.607E-03 2.512E+00 6.637E-02 2.772E-03
 130   912.78 3.256E-02 3.162E+11 5.808E-02 1.260E+06 6.607E-03 3.981E+00 5.633E-02 8.823E-04
 130   912.78 3.256E-02 3.162E+11 5.808E-02 1.260E+06 6.607E-03 6.310E+00 3.732E-02 2.904E-04
 130   912.78 3.256E-02 3.162E+11 5.808E-02 1.260E+06 6.607E-03 1.000E+01 1.329E-02 9.551E-05
