 DENS, T, fainum_exp
  0.100E+11  0.250E+04  0.982E+14
 lAMBDA, n, np
  0.913E+03  0.100E+01  0.300E+02

  0.000E+00  0.723E-14  0.623E-13  0.350E+19
  0.226E+12  0.723E-14  0.622E-13  0.350E+19
  0.358E+12  0.723E-14  0.622E-13  0.350E+19
  0.568E+12  0.723E-14  0.620E-13  0.350E+19
  0.900E+12  0.723E-14  0.616E-13  0.350E+19
  0.143E+13  0.723E-14  0.605E-13  0.350E+19
  0.226E+13  0.722E-14  0.577E-13  0.350E+19
  0.358E+13  0.721E-14  0.509E-13  0.350E+19
  0.568E+13  0.719E-14  0.368E-13  0.350E+19
  0.900E+13  0.713E-14  0.182E-13  0.350E+19
  0.143E+14  0.699E-14  0.613E-14  0.350E+19
  0.226E+14  0.664E-14  0.179E-14  0.350E+19
  0.358E+14  0.584E-14  0.526E-15  0.350E+19
  0.568E+14  0.425E-14  0.158E-15  0.350E+19
  0.900E+14  0.191E-14  0.470E-16  0.350E+19
  0.143E+15  0.270E-15  0.146E-16  0.350E+19
  0.226E+15  0.800E-17  0.458E-17  0.350E+19
  0.358E+15  0.162E-17  0.145E-17  0.350E+19
  0.567E+15  0.477E-18  0.458E-18  0.350E+19
  0.898E+15  0.147E-18  0.145E-18  0.350E+19
  0.142E+16  0.462E-19  0.459E-19  0.350E+19
  0.225E+16  0.146E-19  0.146E-19  0.350E+19
  0.355E+16  0.468E-20  0.468E-20  0.350E+19
  0.559E+16  0.150E-20  0.150E-20  0.350E+19
  0.878E+16  0.485E-21  0.485E-21  0.350E+19
  0.140E+17  0.151E-21  0.151E-21  0.350E+19
  0.223E+17  0.471E-22  0.471E-22  0.350E+19
  0.351E+17  0.152E-22  0.152E-22  0.350E+19
  0.559E+17  0.474E-23  0.474E-23  0.350E+19
