 DENS, T, fainum_exp
  0.100E+11  0.250E+04  0.357E+13
 lAMBDA, n, np
  0.380E+04  0.200E+01  0.100E+02
 57
  0.000E+00  0.000E+00  0.328E-10  0.928E-09
  0.580E-05  0.121E+07  0.328E-10  0.927E-09
  0.920E-05  0.191E+07  0.328E-10  0.927E-09
  0.146E-04  0.303E+07  0.328E-10  0.927E-09
  0.231E-04  0.480E+07  0.328E-10  0.927E-09
  0.366E-04  0.760E+07  0.328E-10  0.927E-09
  0.580E-04  0.121E+08  0.328E-10  0.927E-09
  0.920E-04  0.191E+08  0.328E-10  0.926E-09
  0.146E-03  0.303E+08  0.328E-10  0.923E-09
  0.231E-03  0.480E+08  0.328E-10  0.917E-09
  0.366E-03  0.760E+08  0.328E-10  0.901E-09
  0.580E-03  0.120E+09  0.328E-10  0.864E-09
  0.919E-03  0.191E+09  0.328E-10  0.780E-09
  0.146E-02  0.302E+09  0.328E-10  0.618E-09
  0.231E-02  0.479E+09  0.328E-10  0.379E-09
  0.365E-02  0.759E+09  0.327E-10  0.167E-09
  0.578E-02  0.120E+10  0.326E-10  0.580E-10
  0.915E-02  0.190E+10  0.324E-10  0.183E-10
  0.145E-01  0.300E+10  0.318E-10  0.555E-11
  0.228E-01  0.474E+10  0.303E-10  0.178E-11
  0.359E-01  0.745E+10  0.271E-10  0.592E-12
  0.562E-01  0.117E+11  0.205E-10  0.200E-12
  0.874E-01  0.182E+11  0.104E-10  0.689E-13
  0.135E+00  0.280E+11  0.189E-11  0.242E-13
  0.204E+00  0.424E+11  0.349E-13  0.880E-14
  0.303E+00  0.630E+11  0.444E-14  0.335E-14
  0.436E+00  0.907E+11  0.148E-14  0.137E-14
  0.503E+00  0.105E+12  0.103E-14  0.976E-15
  0.740E+00  0.154E+12  0.380E-15  0.371E-15
  0.124E+01  0.257E+12  0.104E-15  0.103E-15
  0.180E+01  0.374E+12  0.403E-16  0.401E-16
  0.303E+01  0.630E+12  0.110E-16  0.110E-16
  0.436E+01  0.907E+12  0.439E-17  0.438E-17
  0.503E+01  0.105E+13  0.311E-17  0.311E-17
  0.739E+01  0.154E+13  0.117E-17  0.117E-17
  0.825E+01  0.172E+13  0.903E-18  0.903E-18
  0.105E+02  0.219E+13  0.485E-18  0.485E-18
  0.123E+02  0.257E+13  0.327E-18  0.327E-18
  0.179E+02  0.374E+13  0.127E-18  0.127E-18
  0.203E+02  0.424E+13  0.938E-19  0.938E-19
  0.301E+02  0.630E+13  0.346E-19  0.346E-19
  0.432E+02  0.907E+13  0.138E-19  0.138E-19
  0.497E+02  0.105E+14  0.979E-20  0.979E-20
  0.726E+02  0.154E+14  0.395E-20  0.395E-20
  0.809E+02  0.172E+14  0.297E-20  0.297E-20
  0.102E+03  0.219E+14  0.159E-20  0.159E-20
  0.120E+03  0.257E+14  0.107E-20  0.107E-20
  0.172E+03  0.374E+14  0.416E-21  0.416E-21
  0.194E+03  0.424E+14  0.304E-21  0.304E-21
  0.237E+03  0.525E+14  0.178E-21  0.178E-21
  0.281E+03  0.630E+14  0.113E-21  0.113E-21
  0.391E+03  0.907E+14  0.456E-22  0.456E-22
  0.444E+03  0.105E+15  0.319E-22  0.319E-22
  0.521E+03  0.126E+15  0.202E-22  0.202E-22
  0.620E+03  0.154E+15  0.122E-22  0.122E-22
  0.825E+03  0.219E+15  0.504E-23  0.504E-23
  0.104E+04  0.298E+15  0.232E-23  0.232E-23
