 DENS, T, fainum_exp
  0.100E+11  0.250E+04  0.357E+13
 lAMBDA, n, np
  0.380E+04  0.200E+01  0.100E+02

  0.000E+00  0.303E-13  0.857E-12  0.127E+18
  0.131E+10  0.303E-13  0.856E-12  0.127E+18
  0.207E+10  0.303E-13  0.856E-12  0.127E+18
  0.328E+10  0.303E-13  0.856E-12  0.127E+18
  0.520E+10  0.303E-13  0.856E-12  0.127E+18
  0.824E+10  0.303E-13  0.856E-12  0.127E+18
  0.131E+11  0.303E-13  0.856E-12  0.127E+18
  0.207E+11  0.303E-13  0.855E-12  0.127E+18
  0.328E+11  0.303E-13  0.853E-12  0.127E+18
  0.520E+11  0.303E-13  0.847E-12  0.127E+18
  0.823E+11  0.303E-13  0.832E-12  0.127E+18
  0.130E+12  0.303E-13  0.798E-12  0.127E+18
  0.207E+12  0.303E-13  0.721E-12  0.127E+18
  0.328E+12  0.303E-13  0.571E-12  0.127E+18
  0.519E+12  0.302E-13  0.350E-12  0.127E+18
  0.822E+12  0.302E-13  0.154E-12  0.127E+18
  0.130E+13  0.301E-13  0.535E-13  0.127E+18
  0.206E+13  0.299E-13  0.169E-13  0.127E+18
  0.325E+13  0.293E-13  0.513E-14  0.127E+18
  0.513E+13  0.280E-13  0.165E-14  0.127E+18
  0.807E+13  0.250E-13  0.546E-15  0.127E+18
  0.126E+14  0.189E-13  0.185E-15  0.127E+18
  0.197E+14  0.958E-14  0.636E-16  0.127E+18
  0.303E+14  0.175E-14  0.224E-16  0.127E+18
  0.459E+14  0.322E-16  0.813E-17  0.127E+18
  0.682E+14  0.410E-17  0.309E-17  0.127E+18
  0.982E+14  0.136E-17  0.126E-17  0.127E+18
  0.113E+15  0.953E-18  0.901E-18  0.127E+18
  0.167E+15  0.351E-18  0.342E-18  0.127E+18
  0.278E+15  0.964E-19  0.955E-19  0.127E+18
  0.405E+15  0.372E-19  0.370E-19  0.127E+18
  0.682E+15  0.101E-19  0.101E-19  0.127E+18
  0.982E+15  0.405E-20  0.405E-20  0.127E+18
  0.113E+16  0.287E-20  0.287E-20  0.127E+18
  0.167E+16  0.108E-20  0.108E-20  0.127E+18
  0.186E+16  0.834E-21  0.834E-21  0.127E+18
  0.237E+16  0.448E-21  0.448E-21  0.127E+18
  0.278E+16  0.302E-21  0.302E-21  0.127E+18
  0.405E+16  0.117E-21  0.117E-21  0.127E+18
  0.459E+16  0.867E-22  0.866E-22  0.127E+18
  0.682E+16  0.320E-22  0.320E-22  0.127E+18
  0.982E+16  0.128E-22  0.128E-22  0.127E+18
  0.113E+17  0.904E-23  0.904E-23  0.127E+18
  0.167E+17  0.365E-23  0.365E-23  0.127E+18
  0.186E+17  0.274E-23  0.274E-23  0.127E+18
  0.237E+17  0.147E-23  0.147E-23  0.127E+18
  0.278E+17  0.984E-24  0.984E-24  0.127E+18
  0.405E+17  0.385E-24  0.385E-24  0.127E+18
  0.459E+17  0.281E-24  0.281E-24  0.127E+18
  0.569E+17  0.165E-24  0.165E-24  0.127E+18
  0.682E+17  0.105E-24  0.105E-24  0.127E+18
  0.982E+17  0.421E-25  0.421E-25  0.127E+18
  0.113E+18  0.295E-25  0.295E-25  0.127E+18
  0.136E+18  0.187E-25  0.187E-25  0.127E+18
  0.167E+18  0.112E-25  0.112E-25  0.127E+18
  0.237E+18  0.465E-26  0.465E-26  0.127E+18
  0.323E+18  0.214E-26  0.214E-26  0.127E+18
