 DENS, T, fainum_exp
  0.100E+11  0.250E+04  0.178E+14
 lAMBDA, n, np
  0.370E+04  0.200E+01  0.170E+02

  0.000E+00  0.289E-13  0.241E-12  0.634E+18
  0.869E+10  0.289E-13  0.241E-12  0.634E+18
  0.138E+11  0.289E-13  0.241E-12  0.634E+18
  0.218E+11  0.289E-13  0.241E-12  0.634E+18
  0.346E+11  0.289E-13  0.241E-12  0.634E+18
  0.548E+11  0.289E-13  0.241E-12  0.634E+18
  0.869E+11  0.289E-13  0.240E-12  0.634E+18
  0.138E+12  0.289E-13  0.240E-12  0.634E+18
  0.218E+12  0.289E-13  0.238E-12  0.634E+18
  0.346E+12  0.289E-13  0.232E-12  0.634E+18
  0.548E+12  0.289E-13  0.220E-12  0.634E+18
  0.869E+12  0.289E-13  0.193E-12  0.634E+18
  0.138E+13  0.288E-13  0.144E-12  0.634E+18
  0.218E+13  0.286E-13  0.780E-13  0.634E+18
  0.346E+13  0.280E-13  0.297E-13  0.634E+18
  0.548E+13  0.267E-13  0.934E-14  0.634E+18
  0.867E+13  0.236E-13  0.286E-14  0.634E+18
  0.137E+14  0.174E-13  0.901E-15  0.634E+18
  0.217E+14  0.819E-14  0.288E-15  0.634E+18
  0.343E+14  0.130E-14  0.914E-16  0.634E+18
  0.541E+14  0.514E-16  0.297E-16  0.634E+18
  0.851E+14  0.108E-16  0.950E-17  0.634E+18
  0.133E+15  0.322E-17  0.308E-17  0.634E+18
  0.207E+15  0.104E-17  0.102E-17  0.634E+18
  0.319E+15  0.346E-18  0.344E-18  0.634E+18
  0.483E+15  0.121E-18  0.121E-18  0.634E+18
  0.716E+15  0.447E-19  0.446E-19  0.634E+18
  0.103E+16  0.180E-19  0.180E-19  0.634E+18
  0.119E+16  0.126E-19  0.126E-19  0.634E+18
  0.175E+16  0.479E-20  0.478E-20  0.634E+18
  0.196E+16  0.366E-20  0.366E-20  0.634E+18
  0.248E+16  0.199E-20  0.199E-20  0.634E+18
  0.292E+16  0.133E-20  0.133E-20  0.634E+18
  0.425E+16  0.518E-21  0.518E-21  0.634E+18
  0.483E+16  0.381E-21  0.381E-21  0.634E+18
  0.716E+16  0.141E-21  0.141E-21  0.634E+18
  0.103E+17  0.565E-22  0.565E-22  0.634E+18
  0.119E+17  0.398E-22  0.398E-22  0.634E+18
  0.175E+17  0.161E-22  0.161E-22  0.634E+18
  0.196E+17  0.120E-22  0.120E-22  0.634E+18
  0.248E+17  0.654E-23  0.654E-23  0.634E+18
  0.292E+17  0.434E-23  0.434E-23  0.634E+18
  0.425E+17  0.170E-23  0.170E-23  0.634E+18
  0.483E+17  0.124E-23  0.124E-23  0.634E+18
  0.595E+17  0.733E-24  0.733E-24  0.634E+18
  0.716E+17  0.462E-24  0.462E-24  0.634E+18
  0.103E+18  0.187E-24  0.187E-24  0.634E+18
  0.119E+18  0.130E-24  0.130E-24  0.634E+18
  0.142E+18  0.833E-25  0.833E-25  0.634E+18
  0.175E+18  0.496E-25  0.496E-25  0.634E+18
  0.248E+18  0.207E-25  0.207E-25  0.634E+18
  0.337E+18  0.959E-26  0.959E-26  0.634E+18
