 DENS, T, fainum_exp
  0.100E+11  0.250E+04  0.178E+14
 lAMBDA, n, np
  0.370E+04  0.200E+01  0.170E+02
 52
  0.000E+00  0.000E+00  0.313E-10  0.261E-09
  0.366E-04  0.802E+07  0.313E-10  0.261E-09
  0.580E-04  0.127E+08  0.313E-10  0.261E-09
  0.920E-04  0.202E+08  0.313E-10  0.261E-09
  0.146E-03  0.319E+08  0.313E-10  0.261E-09
  0.231E-03  0.506E+08  0.313E-10  0.261E-09
  0.366E-03  0.802E+08  0.313E-10  0.260E-09
  0.580E-03  0.127E+09  0.313E-10  0.259E-09
  0.920E-03  0.202E+09  0.313E-10  0.257E-09
  0.146E-02  0.319E+09  0.313E-10  0.252E-09
  0.231E-02  0.506E+09  0.313E-10  0.238E-09
  0.366E-02  0.802E+09  0.313E-10  0.209E-09
  0.580E-02  0.127E+10  0.312E-10  0.155E-09
  0.919E-02  0.201E+10  0.309E-10  0.844E-10
  0.146E-01  0.319E+10  0.304E-10  0.322E-10
  0.231E-01  0.506E+10  0.289E-10  0.101E-10
  0.365E-01  0.801E+10  0.256E-10  0.310E-11
  0.578E-01  0.127E+11  0.189E-10  0.975E-12
  0.915E-01  0.200E+11  0.887E-11  0.312E-12
  0.145E+00  0.317E+11  0.141E-11  0.990E-13
  0.228E+00  0.500E+11  0.557E-13  0.322E-13
  0.358E+00  0.786E+11  0.116E-13  0.103E-13
  0.561E+00  0.123E+12  0.349E-14  0.334E-14
  0.873E+00  0.191E+12  0.112E-14  0.110E-14
  0.134E+01  0.294E+12  0.375E-15  0.372E-15
  0.203E+01  0.446E+12  0.131E-15  0.131E-15
  0.301E+01  0.661E+12  0.484E-16  0.484E-16
  0.433E+01  0.950E+12  0.195E-16  0.194E-16
  0.501E+01  0.110E+13  0.137E-16  0.137E-16
  0.735E+01  0.161E+13  0.518E-17  0.518E-17
  0.823E+01  0.181E+13  0.397E-17  0.397E-17
  0.104E+02  0.229E+13  0.216E-17  0.216E-17
  0.123E+02  0.270E+13  0.144E-17  0.144E-17
  0.178E+02  0.392E+13  0.561E-18  0.561E-18
  0.202E+02  0.446E+13  0.412E-18  0.412E-18
  0.299E+02  0.661E+13  0.153E-18  0.153E-18
  0.429E+02  0.950E+13  0.612E-19  0.612E-19
  0.495E+02  0.110E+14  0.431E-19  0.431E-19
  0.722E+02  0.161E+14  0.175E-19  0.175E-19
  0.806E+02  0.181E+14  0.130E-19  0.130E-19
  0.102E+03  0.229E+14  0.708E-20  0.708E-20
  0.119E+03  0.270E+14  0.469E-20  0.469E-20
  0.171E+03  0.392E+14  0.184E-20  0.184E-20
  0.193E+03  0.446E+14  0.134E-20  0.134E-20
  0.235E+03  0.550E+14  0.794E-21  0.794E-21
  0.279E+03  0.661E+14  0.500E-21  0.500E-21
  0.388E+03  0.950E+14  0.202E-21  0.202E-21
  0.442E+03  0.110E+15  0.140E-21  0.140E-21
  0.515E+03  0.131E+15  0.902E-22  0.902E-22
  0.614E+03  0.161E+15  0.537E-22  0.537E-22
  0.815E+03  0.229E+15  0.224E-22  0.224E-22
  0.103E+04  0.312E+15  0.104E-22  0.104E-22
