 DENS, T, fainum_exp
  0.100E+11  0.250E+04  0.982E+14
 lAMBDA, n, np
  0.366E+04  0.200E+01  0.300E+02

  0.000E+00  0.252E-13  0.623E-13  0.350E+19
  0.559E+11  0.252E-13  0.623E-13  0.350E+19
  0.886E+11  0.252E-13  0.623E-13  0.350E+19
  0.140E+12  0.252E-13  0.622E-13  0.350E+19
  0.222E+12  0.252E-13  0.622E-13  0.350E+19
  0.353E+12  0.251E-13  0.622E-13  0.350E+19
  0.559E+12  0.251E-13  0.620E-13  0.350E+19
  0.886E+12  0.251E-13  0.616E-13  0.350E+19
  0.140E+13  0.250E-13  0.605E-13  0.350E+19
  0.222E+13  0.249E-13  0.578E-13  0.350E+19
  0.353E+13  0.245E-13  0.511E-13  0.350E+19
  0.559E+13  0.235E-13  0.372E-13  0.350E+19
  0.886E+13  0.212E-13  0.187E-13  0.350E+19
  0.140E+14  0.165E-13  0.637E-14  0.350E+19
  0.222E+14  0.887E-14  0.187E-14  0.350E+19
  0.352E+14  0.216E-14  0.549E-15  0.350E+19
  0.558E+14  0.254E-15  0.165E-15  0.350E+19
  0.885E+14  0.557E-16  0.491E-16  0.350E+19
  0.140E+15  0.159E-16  0.152E-16  0.350E+19
  0.222E+15  0.487E-17  0.479E-17  0.350E+19
  0.351E+15  0.153E-17  0.152E-17  0.350E+19
  0.555E+15  0.483E-18  0.482E-18  0.350E+19
  0.877E+15  0.154E-18  0.154E-18  0.350E+19
  0.138E+16  0.492E-19  0.491E-19  0.350E+19
  0.217E+16  0.159E-19  0.159E-19  0.350E+19
  0.339E+16  0.518E-20  0.518E-20  0.350E+19
  0.526E+16  0.172E-20  0.172E-20  0.350E+19
  0.805E+16  0.589E-21  0.589E-21  0.350E+19
  0.121E+17  0.210E-21  0.210E-21  0.350E+19
  0.178E+17  0.853E-22  0.853E-22  0.350E+19
  0.199E+17  0.635E-22  0.635E-22  0.350E+19
  0.252E+17  0.347E-22  0.347E-22  0.350E+19
  0.298E+17  0.229E-22  0.229E-22  0.350E+19
  0.432E+17  0.902E-23  0.902E-23  0.350E+19
  0.492E+17  0.652E-23  0.652E-23  0.350E+19
  0.605E+17  0.389E-23  0.389E-23  0.350E+19
  0.729E+17  0.244E-23  0.244E-23  0.350E+19
  0.105E+18  0.989E-24  0.989E-24  0.350E+19
  0.121E+18  0.685E-24  0.685E-24  0.350E+19
  0.144E+18  0.442E-24  0.442E-24  0.350E+19
  0.178E+18  0.263E-24  0.263E-24  0.350E+19
  0.252E+18  0.110E-24  0.110E-24  0.350E+19
