 DENS, T, fainum_exp
  0.100E+11  0.250E+04  0.982E+14
 lAMBDA, n, np
  0.366E+04  0.200E+01  0.300E+02
 42
  0.000E+00  0.000E+00  0.272E-10  0.674E-10
  0.231E-03  0.516E+08  0.272E-10  0.674E-10
  0.366E-03  0.818E+08  0.272E-10  0.674E-10
  0.580E-03  0.130E+09  0.272E-10  0.674E-10
  0.920E-03  0.205E+09  0.272E-10  0.674E-10
  0.146E-02  0.326E+09  0.272E-10  0.673E-10
  0.231E-02  0.516E+09  0.272E-10  0.672E-10
  0.366E-02  0.818E+09  0.272E-10  0.667E-10
  0.580E-02  0.130E+10  0.271E-10  0.655E-10
  0.920E-02  0.205E+10  0.270E-10  0.626E-10
  0.146E-01  0.326E+10  0.265E-10  0.554E-10
  0.231E-01  0.516E+10  0.255E-10  0.403E-10
  0.366E-01  0.818E+10  0.230E-10  0.202E-10
  0.580E-01  0.130E+11  0.179E-10  0.690E-11
  0.919E-01  0.205E+11  0.961E-11  0.202E-11
  0.146E+00  0.325E+11  0.234E-11  0.595E-12
  0.231E+00  0.516E+11  0.275E-12  0.179E-12
  0.366E+00  0.817E+11  0.603E-13  0.532E-13
  0.579E+00  0.129E+12  0.172E-13  0.165E-13
  0.917E+00  0.205E+12  0.528E-14  0.519E-14
  0.145E+01  0.324E+12  0.165E-14  0.164E-14
  0.229E+01  0.513E+12  0.523E-15  0.522E-15
  0.362E+01  0.810E+12  0.166E-15  0.166E-15
  0.570E+01  0.128E+13  0.533E-16  0.532E-16
  0.895E+01  0.200E+13  0.172E-16  0.172E-16
  0.140E+02  0.313E+13  0.561E-17  0.561E-17
  0.216E+02  0.485E+13  0.187E-17  0.187E-17
  0.330E+02  0.743E+13  0.638E-18  0.638E-18
  0.494E+02  0.112E+14  0.227E-18  0.227E-18
  0.720E+02  0.164E+14  0.923E-19  0.923E-19
  0.805E+02  0.184E+14  0.688E-19  0.688E-19
  0.101E+03  0.233E+14  0.375E-19  0.375E-19
  0.119E+03  0.275E+14  0.248E-19  0.248E-19
  0.170E+03  0.399E+14  0.976E-20  0.976E-20
  0.193E+03  0.454E+14  0.706E-20  0.706E-20
  0.234E+03  0.558E+14  0.421E-20  0.421E-20
  0.278E+03  0.673E+14  0.264E-20  0.264E-20
  0.387E+03  0.966E+14  0.107E-20  0.107E-20
  0.441E+03  0.112E+15  0.742E-21  0.742E-21
  0.513E+03  0.133E+15  0.479E-21  0.479E-21
  0.612E+03  0.164E+15  0.284E-21  0.284E-21
  0.811E+03  0.233E+15  0.119E-21  0.119E-21
