 DENS, T, fainum_exp
  0.100E+11  0.250E+04  0.646E+12
 lAMBDA, n, np
  0.410E+04  0.200E+01  0.600E+01
 66
  0.000E+00  0.000E+00  0.360E-10  0.424E-08
  0.366E-05  0.652E+06  0.360E-10  0.424E-08
  0.580E-05  0.103E+07  0.360E-10  0.424E-08
  0.920E-05  0.164E+07  0.360E-10  0.424E-08
  0.146E-04  0.260E+07  0.360E-10  0.424E-08
  0.231E-04  0.411E+07  0.360E-10  0.423E-08
  0.366E-04  0.652E+07  0.360E-10  0.421E-08
  0.580E-04  0.103E+08  0.360E-10  0.417E-08
  0.919E-04  0.164E+08  0.360E-10  0.409E-08
  0.146E-03  0.259E+08  0.360E-10  0.389E-08
  0.230E-03  0.410E+08  0.360E-10  0.346E-08
  0.365E-03  0.649E+08  0.360E-10  0.270E-08
  0.576E-03  0.103E+09  0.360E-10  0.169E-08
  0.910E-03  0.162E+09  0.360E-10  0.822E-09
  0.143E-02  0.255E+09  0.360E-10  0.327E-09
  0.225E-02  0.401E+09  0.359E-10  0.118E-09
  0.352E-02  0.626E+09  0.359E-10  0.406E-10
  0.544E-02  0.970E+09  0.358E-10  0.140E-10
  0.833E-02  0.148E+10  0.356E-10  0.491E-11
  0.125E-01  0.223E+10  0.352E-10  0.173E-11
  0.183E-01  0.326E+10  0.344E-10  0.674E-12
  0.206E-01  0.367E+10  0.340E-10  0.513E-12
  0.259E-01  0.461E+10  0.330E-10  0.292E-12
  0.307E-01  0.547E+10  0.318E-10  0.194E-12
  0.445E-01  0.792E+10  0.277E-10  0.789E-13
  0.508E-01  0.905E+10  0.257E-10  0.579E-13
  0.751E-01  0.134E+11  0.169E-10  0.225E-13
  0.104E+00  0.186E+11  0.737E-11  0.102E-13
  0.125E+00  0.223E+11  0.396E-11  0.665E-14
  0.183E+00  0.326E+11  0.120E-12  0.265E-14
  0.206E+00  0.367E+11  0.671E-13  0.202E-14
  0.259E+00  0.461E+11  0.302E-14  0.116E-14
  0.307E+00  0.547E+11  0.111E-14  0.771E-15
  0.445E+00  0.792E+11  0.342E-15  0.315E-15
  0.508E+00  0.905E+11  0.246E-15  0.231E-15
  0.751E+00  0.134E+12  0.916E-16  0.891E-16
  0.104E+01  0.186E+12  0.407E-16  0.401E-16
  0.125E+01  0.223E+12  0.262E-16  0.260E-16
  0.183E+01  0.326E+12  0.102E-16  0.102E-16
  0.206E+01  0.367E+12  0.775E-17  0.772E-17
  0.259E+01  0.461E+12  0.459E-17  0.458E-17
  0.307E+01  0.547E+12  0.304E-17  0.304E-17
  0.444E+01  0.792E+12  0.116E-17  0.116E-17
  0.508E+01  0.905E+12  0.828E-18  0.828E-18
  0.750E+01  0.134E+13  0.312E-18  0.312E-18
  0.104E+02  0.186E+13  0.137E-18  0.137E-18
  0.125E+02  0.223E+13  0.872E-19  0.872E-19
  0.182E+02  0.326E+13  0.336E-19  0.336E-19
  0.205E+02  0.367E+13  0.251E-19  0.251E-19
  0.257E+02  0.461E+13  0.142E-19  0.142E-19
  0.305E+02  0.547E+13  0.924E-20  0.924E-20
  0.440E+02  0.792E+13  0.366E-20  0.366E-20
  0.502E+02  0.905E+13  0.262E-20  0.262E-20
  0.738E+02  0.134E+14  0.987E-21  0.987E-21
  0.102E+03  0.186E+14  0.434E-21  0.434E-21
  0.121E+03  0.223E+14  0.276E-21  0.276E-21
  0.175E+03  0.326E+14  0.106E-21  0.106E-21
  0.196E+03  0.367E+14  0.792E-22  0.792E-22
  0.243E+03  0.461E+14  0.448E-22  0.448E-22
  0.286E+03  0.547E+14  0.292E-22  0.292E-22
  0.401E+03  0.792E+14  0.116E-22  0.116E-22
  0.452E+03  0.905E+14  0.828E-23  0.828E-23
  0.539E+03  0.110E+15  0.504E-23  0.504E-23
  0.635E+03  0.134E+15  0.312E-23  0.312E-23
  0.832E+03  0.186E+15  0.137E-23  0.137E-23
  0.109E+04  0.263E+15  0.575E-24  0.575E-24
