 DENS, T, fainum_exp
  0.100E+11  0.250E+04  0.646E+12
 lAMBDA, n, np
  0.410E+04  0.200E+01  0.600E+01

  0.000E+00  0.332E-13  0.392E-11  0.230E+17
  0.706E+09  0.332E-13  0.392E-11  0.230E+17
  0.112E+10  0.332E-13  0.391E-11  0.230E+17
  0.177E+10  0.332E-13  0.391E-11  0.230E+17
  0.281E+10  0.332E-13  0.391E-11  0.230E+17
  0.445E+10  0.332E-13  0.391E-11  0.230E+17
  0.706E+10  0.332E-13  0.389E-11  0.230E+17
  0.112E+11  0.332E-13  0.385E-11  0.230E+17
  0.177E+11  0.332E-13  0.378E-11  0.230E+17
  0.281E+11  0.332E-13  0.359E-11  0.230E+17
  0.444E+11  0.332E-13  0.320E-11  0.230E+17
  0.703E+11  0.332E-13  0.249E-11  0.230E+17
  0.111E+12  0.332E-13  0.156E-11  0.230E+17
  0.176E+12  0.332E-13  0.759E-12  0.230E+17
  0.277E+12  0.332E-13  0.302E-12  0.230E+17
  0.434E+12  0.332E-13  0.109E-12  0.230E+17
  0.678E+12  0.332E-13  0.375E-13  0.230E+17
  0.105E+13  0.331E-13  0.129E-13  0.230E+17
  0.161E+13  0.329E-13  0.454E-14  0.230E+17
  0.241E+13  0.325E-13  0.160E-14  0.230E+17
  0.353E+13  0.318E-13  0.623E-15  0.230E+17
  0.397E+13  0.314E-13  0.474E-15  0.230E+17
  0.499E+13  0.304E-13  0.270E-15  0.230E+17
  0.592E+13  0.294E-13  0.179E-15  0.230E+17
  0.857E+13  0.256E-13  0.729E-16  0.230E+17
  0.980E+13  0.237E-13  0.534E-16  0.230E+17
  0.145E+14  0.156E-13  0.208E-16  0.230E+17
  0.201E+14  0.681E-14  0.943E-17  0.230E+17
  0.241E+14  0.366E-14  0.614E-17  0.230E+17
  0.353E+14  0.111E-15  0.245E-17  0.230E+17
  0.397E+14  0.620E-16  0.187E-17  0.230E+17
  0.499E+14  0.279E-17  0.107E-17  0.230E+17
  0.592E+14  0.102E-17  0.712E-18  0.230E+17
  0.857E+14  0.316E-18  0.291E-18  0.230E+17
  0.980E+14  0.227E-18  0.213E-18  0.230E+17
  0.145E+15  0.846E-19  0.823E-19  0.230E+17
  0.201E+15  0.376E-19  0.371E-19  0.230E+17
  0.241E+15  0.242E-19  0.240E-19  0.230E+17
  0.353E+15  0.944E-20  0.939E-20  0.230E+17
  0.397E+15  0.716E-20  0.713E-20  0.230E+17
  0.499E+15  0.424E-20  0.423E-20  0.230E+17
  0.592E+15  0.281E-20  0.280E-20  0.230E+17
  0.857E+15  0.107E-20  0.107E-20  0.230E+17
  0.980E+15  0.765E-21  0.765E-21  0.230E+17
  0.145E+16  0.288E-21  0.288E-21  0.230E+17
  0.201E+16  0.127E-21  0.127E-21  0.230E+17
  0.241E+16  0.805E-22  0.805E-22  0.230E+17
  0.353E+16  0.311E-22  0.311E-22  0.230E+17
  0.397E+16  0.231E-22  0.231E-22  0.230E+17
  0.499E+16  0.131E-22  0.131E-22  0.230E+17
  0.592E+16  0.853E-23  0.853E-23  0.230E+17
  0.857E+16  0.338E-23  0.338E-23  0.230E+17
  0.980E+16  0.242E-23  0.242E-23  0.230E+17
  0.145E+17  0.911E-24  0.911E-24  0.230E+17
  0.201E+17  0.401E-24  0.401E-24  0.230E+17
  0.241E+17  0.255E-24  0.255E-24  0.230E+17
  0.353E+17  0.982E-25  0.982E-25  0.230E+17
  0.397E+17  0.732E-25  0.732E-25  0.230E+17
  0.499E+17  0.413E-25  0.413E-25  0.230E+17
  0.592E+17  0.270E-25  0.270E-25  0.230E+17
  0.857E+17  0.107E-25  0.107E-25  0.230E+17
  0.980E+17  0.765E-26  0.765E-26  0.230E+17
  0.120E+18  0.465E-26  0.465E-26  0.230E+17
  0.145E+18  0.288E-26  0.288E-26  0.230E+17
  0.201E+18  0.127E-26  0.127E-26  0.230E+17
  0.285E+18  0.531E-27  0.531E-27  0.230E+17
