 DENS, T, fainum_exp
  0.100E+11  0.250E+04  0.737E+12
 lAMBDA, n, np
  0.938E+03  0.100E+01  0.600E+01

  0.000E+00  0.760E-14  0.342E-11  0.263E+17
  0.214E+10  0.760E-14  0.341E-11  0.263E+17
  0.339E+10  0.760E-14  0.341E-11  0.263E+17
  0.538E+10  0.760E-14  0.341E-11  0.263E+17
  0.853E+10  0.760E-14  0.339E-11  0.263E+17
  0.135E+11  0.760E-14  0.336E-11  0.263E+17
  0.214E+11  0.760E-14  0.329E-11  0.263E+17
  0.339E+11  0.760E-14  0.311E-11  0.263E+17
  0.538E+11  0.760E-14  0.275E-11  0.263E+17
  0.852E+11  0.760E-14  0.210E-11  0.263E+17
  0.135E+12  0.760E-14  0.127E-11  0.263E+17
  0.214E+12  0.760E-14  0.592E-12  0.263E+17
  0.338E+12  0.760E-14  0.226E-12  0.263E+17
  0.534E+12  0.760E-14  0.782E-13  0.263E+17
  0.843E+12  0.760E-14  0.259E-13  0.263E+17
  0.133E+13  0.760E-14  0.852E-14  0.263E+17
  0.208E+13  0.759E-14  0.270E-14  0.263E+17
  0.325E+13  0.758E-14  0.904E-15  0.263E+17
  0.502E+13  0.756E-14  0.313E-15  0.263E+17
  0.765E+13  0.752E-14  0.112E-15  0.263E+17
  0.114E+14  0.742E-14  0.424E-16  0.263E+17
  0.166E+14  0.722E-14  0.172E-16  0.263E+17
  0.189E+14  0.712E-14  0.128E-16  0.263E+17
  0.280E+14  0.658E-14  0.494E-17  0.263E+17
  0.502E+14  0.480E-14  0.124E-17  0.263E+17
  0.765E+14  0.256E-14  0.448E-18  0.263E+17
  0.114E+15  0.524E-15  0.169E-18  0.263E+17
  0.189E+15  0.349E-17  0.503E-19  0.263E+17
  0.280E+15  0.277E-19  0.191E-19  0.263E+17
  0.502E+15  0.487E-20  0.464E-20  0.263E+17
  0.765E+15  0.162E-20  0.159E-20  0.263E+17
  0.114E+16  0.581E-21  0.576E-21  0.263E+17
  0.189E+16  0.166E-21  0.165E-21  0.263E+17
  0.280E+16  0.657E-22  0.656E-22  0.263E+17
  0.502E+16  0.147E-22  0.147E-22  0.263E+17
  0.765E+16  0.513E-23  0.513E-23  0.263E+17
  0.114E+17  0.188E-23  0.188E-23  0.263E+17
  0.189E+17  0.535E-24  0.535E-24  0.263E+17
  0.280E+17  0.200E-24  0.200E-24  0.263E+17
  0.502E+17  0.466E-25  0.466E-25  0.263E+17
  0.765E+17  0.162E-25  0.162E-25  0.263E+17
  0.114E+18  0.594E-26  0.594E-26  0.263E+17
  0.189E+18  0.169E-26  0.169E-26  0.263E+17
  0.280E+18  0.632E-27  0.632E-27  0.263E+17
