 DENS, T, fainum_exp
  0.100E+11  0.250E+04  0.737E+12
 lAMBDA, n, np
  0.938E+03  0.100E+01  0.600E+01
 44
  0.000E+00  0.000E+00  0.823E-11  0.370E-08
  0.580E-06  0.198E+07  0.823E-11  0.370E-08
  0.920E-06  0.313E+07  0.823E-11  0.370E-08
  0.146E-05  0.497E+07  0.823E-11  0.369E-08
  0.231E-05  0.787E+07  0.823E-11  0.368E-08
  0.366E-05  0.125E+08  0.823E-11  0.364E-08
  0.580E-05  0.198E+08  0.823E-11  0.356E-08
  0.919E-05  0.313E+08  0.823E-11  0.337E-08
  0.146E-04  0.496E+08  0.823E-11  0.298E-08
  0.231E-04  0.786E+08  0.823E-11  0.228E-08
  0.365E-04  0.125E+09  0.823E-11  0.138E-08
  0.579E-04  0.197E+09  0.823E-11  0.641E-09
  0.915E-04  0.312E+09  0.823E-11  0.245E-09
  0.145E-03  0.493E+09  0.823E-11  0.847E-10
  0.228E-03  0.778E+09  0.823E-11  0.281E-10
  0.360E-03  0.123E+10  0.823E-11  0.922E-11
  0.564E-03  0.192E+10  0.822E-11  0.292E-11
  0.880E-03  0.300E+10  0.821E-11  0.979E-12
  0.136E-02  0.463E+10  0.819E-11  0.339E-12
  0.207E-02  0.706E+10  0.814E-11  0.122E-12
  0.310E-02  0.106E+11  0.803E-11  0.459E-13
  0.451E-02  0.154E+11  0.782E-11  0.186E-13
  0.512E-02  0.174E+11  0.771E-11  0.139E-13
  0.759E-02  0.259E+11  0.712E-11  0.535E-14
  0.136E-01  0.463E+11  0.520E-11  0.135E-14
  0.207E-01  0.706E+11  0.277E-11  0.485E-15
  0.310E-01  0.106E+12  0.568E-12  0.183E-15
  0.512E-01  0.174E+12  0.378E-14  0.544E-16
  0.759E-01  0.259E+12  0.300E-16  0.207E-16
  0.136E+00  0.463E+12  0.527E-17  0.503E-17
  0.207E+00  0.706E+12  0.176E-17  0.172E-17
  0.310E+00  0.106E+13  0.629E-18  0.623E-18
  0.512E+00  0.174E+13  0.179E-18  0.179E-18
  0.759E+00  0.259E+13  0.711E-19  0.710E-19
  0.136E+01  0.463E+13  0.160E-19  0.160E-19
  0.207E+01  0.706E+13  0.556E-20  0.556E-20
  0.309E+01  0.106E+14  0.203E-20  0.203E-20
  0.509E+01  0.174E+14  0.580E-21  0.580E-21
  0.753E+01  0.259E+14  0.216E-21  0.216E-21
  0.134E+02  0.463E+14  0.505E-22  0.505E-22
  0.203E+02  0.706E+14  0.176E-22  0.176E-22
  0.300E+02  0.106E+15  0.643E-23  0.643E-23
  0.485E+02  0.174E+15  0.183E-23  0.183E-23
  0.702E+02  0.259E+15  0.685E-24  0.685E-24
