 DENS, T, fainum_exp
  0.100E+11  0.250E+04  0.290E+14
 lAMBDA, n, np
  0.368E+04  0.200E+01  0.200E+02
 50
  0.000E+00  0.000E+00  0.307E-10  0.177E-09
  0.580E-04  0.128E+08  0.307E-10  0.177E-09
  0.920E-04  0.203E+08  0.307E-10  0.177E-09
  0.146E-03  0.322E+08  0.307E-10  0.177E-09
  0.231E-03  0.510E+08  0.307E-10  0.177E-09
  0.366E-03  0.809E+08  0.307E-10  0.177E-09
  0.580E-03  0.128E+09  0.307E-10  0.177E-09
  0.920E-03  0.203E+09  0.307E-10  0.176E-09
  0.146E-02  0.322E+09  0.306E-10  0.174E-09
  0.231E-02  0.510E+09  0.306E-10  0.170E-09
  0.366E-02  0.809E+09  0.306E-10  0.160E-09
  0.580E-02  0.128E+10  0.305E-10  0.138E-09
  0.919E-02  0.203E+10  0.303E-10  0.982E-10
  0.146E-01  0.322E+10  0.297E-10  0.497E-10
  0.231E-01  0.510E+10  0.283E-10  0.177E-10
  0.366E-01  0.808E+10  0.251E-10  0.544E-11
  0.579E-01  0.128E+11  0.186E-10  0.166E-11
  0.917E-01  0.203E+11  0.889E-11  0.517E-12
  0.145E+00  0.321E+11  0.151E-11  0.164E-12
  0.230E+00  0.507E+11  0.839E-13  0.514E-13
  0.362E+00  0.801E+11  0.181E-13  0.161E-13
  0.571E+00  0.126E+12  0.536E-14  0.513E-14
  0.897E+00  0.198E+12  0.168E-14  0.165E-14
  0.140E+01  0.310E+12  0.543E-15  0.540E-15
  0.217E+01  0.480E+12  0.180E-15  0.180E-15
  0.333E+01  0.736E+12  0.614E-16  0.613E-16
  0.501E+01  0.111E+13  0.219E-16  0.219E-16
  0.734E+01  0.163E+13  0.831E-17  0.830E-17
  0.822E+01  0.182E+13  0.635E-17  0.635E-17
  0.104E+02  0.231E+13  0.346E-17  0.346E-17
  0.123E+02  0.272E+13  0.231E-17  0.231E-17
  0.178E+02  0.395E+13  0.899E-18  0.899E-18
  0.202E+02  0.449E+13  0.660E-18  0.660E-18
  0.299E+02  0.666E+13  0.244E-18  0.244E-18
  0.428E+02  0.957E+13  0.982E-19  0.982E-19
  0.494E+02  0.111E+14  0.690E-19  0.690E-19
  0.721E+02  0.163E+14  0.280E-19  0.280E-19
  0.806E+02  0.182E+14  0.209E-19  0.209E-19
  0.102E+03  0.231E+14  0.114E-19  0.114E-19
  0.119E+03  0.272E+14  0.752E-20  0.752E-20
  0.171E+03  0.395E+14  0.296E-20  0.296E-20
  0.193E+03  0.449E+14  0.214E-20  0.214E-20
  0.235E+03  0.553E+14  0.127E-20  0.127E-20
  0.279E+03  0.666E+14  0.801E-21  0.801E-21
  0.388E+03  0.957E+14  0.324E-21  0.324E-21
  0.441E+03  0.111E+15  0.225E-21  0.225E-21
  0.514E+03  0.132E+15  0.145E-21  0.145E-21
  0.613E+03  0.163E+15  0.861E-22  0.861E-22
  0.813E+03  0.231E+15  0.359E-22  0.359E-22
  0.102E+04  0.313E+15  0.167E-22  0.167E-22
