 DENS, T, fainum_exp
  0.100E+11  0.250E+04  0.290E+14
 lAMBDA, n, np
  0.368E+04  0.200E+01  0.200E+02

  0.000E+00  0.283E-13  0.164E-12  0.103E+19
  0.139E+11  0.283E-13  0.164E-12  0.103E+19
  0.220E+11  0.283E-13  0.164E-12  0.103E+19
  0.349E+11  0.283E-13  0.164E-12  0.103E+19
  0.553E+11  0.283E-13  0.163E-12  0.103E+19
  0.876E+11  0.283E-13  0.163E-12  0.103E+19
  0.139E+12  0.283E-13  0.163E-12  0.103E+19
  0.220E+12  0.283E-13  0.163E-12  0.103E+19
  0.349E+12  0.283E-13  0.161E-12  0.103E+19
  0.553E+12  0.283E-13  0.157E-12  0.103E+19
  0.876E+12  0.283E-13  0.148E-12  0.103E+19
  0.139E+13  0.282E-13  0.128E-12  0.103E+19
  0.220E+13  0.280E-13  0.907E-13  0.103E+19
  0.349E+13  0.274E-13  0.459E-13  0.103E+19
  0.552E+13  0.262E-13  0.164E-13  0.103E+19
  0.875E+13  0.232E-13  0.502E-14  0.103E+19
  0.139E+14  0.172E-13  0.153E-14  0.103E+19
  0.219E+14  0.821E-14  0.478E-15  0.103E+19
  0.347E+14  0.139E-14  0.151E-15  0.103E+19
  0.549E+14  0.774E-16  0.475E-16  0.103E+19
  0.867E+14  0.167E-16  0.148E-16  0.103E+19
  0.137E+15  0.495E-17  0.474E-17  0.103E+19
  0.215E+15  0.155E-17  0.153E-17  0.103E+19
  0.335E+15  0.502E-18  0.498E-18  0.103E+19
  0.520E+15  0.166E-18  0.166E-18  0.103E+19
  0.797E+15  0.567E-19  0.566E-19  0.103E+19
  0.120E+16  0.202E-19  0.202E-19  0.103E+19
  0.176E+16  0.767E-20  0.767E-20  0.103E+19
  0.197E+16  0.587E-20  0.586E-20  0.103E+19
  0.250E+16  0.320E-20  0.320E-20  0.103E+19
  0.295E+16  0.213E-20  0.213E-20  0.103E+19
  0.428E+16  0.830E-21  0.830E-21  0.103E+19
  0.487E+16  0.610E-21  0.610E-21  0.103E+19
  0.721E+16  0.226E-21  0.226E-21  0.103E+19
  0.104E+17  0.906E-22  0.906E-22  0.103E+19
  0.120E+17  0.637E-22  0.637E-22  0.103E+19
  0.176E+17  0.258E-22  0.258E-22  0.103E+19
  0.197E+17  0.193E-22  0.193E-22  0.103E+19
  0.250E+17  0.105E-22  0.105E-22  0.103E+19
  0.295E+17  0.694E-23  0.694E-23  0.103E+19
  0.428E+17  0.273E-23  0.273E-23  0.103E+19
  0.487E+17  0.198E-23  0.198E-23  0.103E+19
  0.599E+17  0.118E-23  0.118E-23  0.103E+19
  0.721E+17  0.740E-24  0.740E-24  0.103E+19
  0.104E+18  0.299E-24  0.299E-24  0.103E+19
  0.120E+18  0.208E-24  0.208E-24  0.103E+19
  0.143E+18  0.134E-24  0.134E-24  0.103E+19
  0.176E+18  0.795E-25  0.795E-25  0.103E+19
  0.250E+18  0.332E-25  0.332E-25  0.103E+19
  0.339E+18  0.154E-25  0.154E-25  0.103E+19
