 DENS, T, fainum_exp
  0.100E+11  0.250E+04  0.989E+13
 lAMBDA, n, np
  0.372E+04  0.200E+01  0.140E+02
 55
  0.000E+00  0.000E+00  0.319E-10  0.414E-09
  0.146E-04  0.315E+07  0.319E-10  0.414E-09
  0.231E-04  0.500E+07  0.319E-10  0.414E-09
  0.366E-04  0.792E+07  0.319E-10  0.414E-09
  0.580E-04  0.125E+08  0.319E-10  0.413E-09
  0.920E-04  0.199E+08  0.319E-10  0.413E-09
  0.146E-03  0.315E+08  0.319E-10  0.413E-09
  0.231E-03  0.500E+08  0.319E-10  0.413E-09
  0.366E-03  0.792E+08  0.319E-10  0.411E-09
  0.580E-03  0.125E+09  0.319E-10  0.408E-09
  0.920E-03  0.199E+09  0.319E-10  0.399E-09
  0.146E-02  0.315E+09  0.319E-10  0.378E-09
  0.231E-02  0.499E+09  0.319E-10  0.332E-09
  0.366E-02  0.791E+09  0.319E-10  0.247E-09
  0.580E-02  0.125E+10  0.318E-10  0.136E-09
  0.919E-02  0.199E+10  0.315E-10  0.528E-10
  0.145E-01  0.315E+10  0.309E-10  0.169E-10
  0.230E-01  0.498E+10  0.295E-10  0.522E-11
  0.364E-01  0.788E+10  0.261E-10  0.164E-11
  0.576E-01  0.125E+11  0.193E-10  0.530E-12
  0.909E-01  0.197E+11  0.905E-11  0.171E-12
  0.143E+00  0.310E+11  0.141E-11  0.564E-13
  0.224E+00  0.486E+11  0.376E-13  0.187E-13
  0.350E+00  0.757E+11  0.715E-14  0.627E-14
  0.541E+00  0.117E+12  0.219E-14  0.209E-14
  0.825E+00  0.178E+12  0.735E-15  0.721E-15
  0.123E+01  0.267E+12  0.264E-15  0.261E-15
  0.179E+01  0.388E+12  0.102E-15  0.102E-15
  0.204E+01  0.441E+12  0.752E-16  0.750E-16
  0.302E+01  0.653E+12  0.278E-16  0.277E-16
  0.434E+01  0.939E+12  0.111E-16  0.111E-16
  0.501E+01  0.109E+13  0.784E-17  0.784E-17
  0.736E+01  0.159E+13  0.297E-17  0.297E-17
  0.823E+01  0.178E+13  0.228E-17  0.228E-17
  0.104E+02  0.226E+13  0.124E-17  0.124E-17
  0.123E+02  0.267E+13  0.826E-18  0.826E-18
  0.178E+02  0.388E+13  0.321E-18  0.321E-18
  0.203E+02  0.441E+13  0.237E-18  0.237E-18
  0.300E+02  0.653E+13  0.875E-19  0.875E-19
  0.429E+02  0.939E+13  0.351E-19  0.351E-19
  0.495E+02  0.109E+14  0.247E-19  0.247E-19
  0.723E+02  0.159E+14  0.100E-19  0.100E-19
  0.807E+02  0.178E+14  0.748E-20  0.748E-20
  0.102E+03  0.226E+14  0.405E-20  0.405E-20
  0.119E+03  0.267E+14  0.269E-20  0.269E-20
  0.171E+03  0.388E+14  0.106E-20  0.106E-20
  0.193E+03  0.441E+14  0.767E-21  0.767E-21
  0.235E+03  0.543E+14  0.454E-21  0.454E-21
  0.279E+03  0.653E+14  0.287E-21  0.287E-21
  0.389E+03  0.939E+14  0.116E-21  0.116E-21
  0.442E+03  0.109E+15  0.806E-22  0.806E-22
  0.517E+03  0.130E+15  0.515E-22  0.515E-22
  0.615E+03  0.159E+15  0.308E-22  0.308E-22
  0.817E+03  0.226E+15  0.128E-22  0.128E-22
  0.103E+04  0.308E+15  0.593E-23  0.593E-23
