 DENS, T, fainum_exp
  0.100E+11  0.250E+04  0.989E+13
 lAMBDA, n, np
  0.372E+04  0.200E+01  0.140E+02

  0.000E+00  0.295E-13  0.382E-12  0.352E+18
  0.341E+10  0.295E-13  0.382E-12  0.352E+18
  0.541E+10  0.295E-13  0.382E-12  0.352E+18
  0.857E+10  0.295E-13  0.382E-12  0.352E+18
  0.136E+11  0.295E-13  0.382E-12  0.352E+18
  0.215E+11  0.295E-13  0.382E-12  0.352E+18
  0.341E+11  0.295E-13  0.381E-12  0.352E+18
  0.541E+11  0.295E-13  0.381E-12  0.352E+18
  0.857E+11  0.295E-13  0.380E-12  0.352E+18
  0.136E+12  0.295E-13  0.376E-12  0.352E+18
  0.215E+12  0.295E-13  0.368E-12  0.352E+18
  0.341E+12  0.295E-13  0.349E-12  0.352E+18
  0.541E+12  0.295E-13  0.307E-12  0.352E+18
  0.857E+12  0.294E-13  0.228E-12  0.352E+18
  0.136E+13  0.293E-13  0.126E-12  0.352E+18
  0.215E+13  0.291E-13  0.488E-13  0.352E+18
  0.341E+13  0.286E-13  0.156E-13  0.352E+18
  0.539E+13  0.272E-13  0.482E-14  0.352E+18
  0.853E+13  0.241E-13  0.152E-14  0.352E+18
  0.135E+14  0.178E-13  0.489E-15  0.352E+18
  0.213E+14  0.836E-14  0.158E-15  0.352E+18
  0.335E+14  0.130E-14  0.521E-16  0.352E+18
  0.526E+14  0.347E-16  0.173E-16  0.352E+18
  0.820E+14  0.660E-17  0.579E-17  0.352E+18
  0.127E+15  0.203E-17  0.193E-17  0.352E+18
  0.193E+15  0.679E-18  0.665E-18  0.352E+18
  0.289E+15  0.243E-18  0.241E-18  0.352E+18
  0.420E+15  0.943E-19  0.940E-19  0.352E+18
  0.477E+15  0.694E-19  0.692E-19  0.352E+18
  0.707E+15  0.256E-19  0.256E-19  0.352E+18
  0.102E+16  0.103E-19  0.103E-19  0.352E+18
  0.118E+16  0.724E-20  0.724E-20  0.352E+18
  0.173E+16  0.274E-20  0.274E-20  0.352E+18
  0.193E+16  0.210E-20  0.210E-20  0.352E+18
  0.245E+16  0.114E-20  0.114E-20  0.352E+18
  0.289E+16  0.762E-21  0.762E-21  0.352E+18
  0.420E+16  0.297E-21  0.297E-21  0.352E+18
  0.477E+16  0.218E-21  0.218E-21  0.352E+18
  0.707E+16  0.808E-22  0.808E-22  0.352E+18
  0.102E+17  0.324E-22  0.324E-22  0.352E+18
  0.118E+17  0.228E-22  0.228E-22  0.352E+18
  0.173E+17  0.924E-23  0.924E-23  0.352E+18
  0.193E+17  0.691E-23  0.691E-23  0.352E+18
  0.245E+17  0.374E-23  0.374E-23  0.352E+18
  0.289E+17  0.249E-23  0.249E-23  0.352E+18
  0.420E+17  0.975E-24  0.975E-24  0.352E+18
  0.477E+17  0.709E-24  0.709E-24  0.352E+18
  0.589E+17  0.419E-24  0.419E-24  0.352E+18
  0.707E+17  0.265E-24  0.265E-24  0.352E+18
  0.102E+18  0.107E-24  0.107E-24  0.352E+18
  0.118E+18  0.744E-25  0.744E-25  0.352E+18
  0.141E+18  0.476E-25  0.476E-25  0.352E+18
  0.173E+18  0.284E-25  0.284E-25  0.352E+18
  0.245E+18  0.118E-25  0.118E-25  0.352E+18
  0.334E+18  0.548E-26  0.548E-26  0.352E+18
