 DENS, T, fainum_exp
  0.100E+11  0.250E+04  0.715E+14
 lAMBDA, n, np
  0.367E+04  0.200E+01  0.270E+02
 45
  0.000E+00  0.000E+00  0.285E-10  0.865E-10
  0.146E-03  0.325E+08  0.285E-10  0.865E-10
  0.231E-03  0.515E+08  0.285E-10  0.865E-10
  0.366E-03  0.816E+08  0.285E-10  0.865E-10
  0.580E-03  0.129E+09  0.285E-10  0.864E-10
  0.920E-03  0.205E+09  0.285E-10  0.864E-10
  0.146E-02  0.325E+09  0.284E-10  0.863E-10
  0.231E-02  0.515E+09  0.284E-10  0.858E-10
  0.366E-02  0.816E+09  0.284E-10  0.847E-10
  0.580E-02  0.129E+10  0.283E-10  0.821E-10
  0.920E-02  0.205E+10  0.281E-10  0.756E-10
  0.146E-01  0.325E+10  0.276E-10  0.613E-10
  0.231E-01  0.515E+10  0.265E-10  0.374E-10
  0.366E-01  0.816E+10  0.238E-10  0.153E-10
  0.580E-01  0.129E+11  0.181E-10  0.474E-11
  0.919E-01  0.205E+11  0.933E-11  0.140E-11
  0.146E+00  0.325E+11  0.202E-11  0.421E-12
  0.231E+00  0.514E+11  0.199E-12  0.129E-12
  0.365E+00  0.814E+11  0.438E-13  0.387E-13
  0.578E+00  0.129E+12  0.126E-13  0.121E-13
  0.914E+00  0.204E+12  0.389E-14  0.382E-14
  0.144E+01  0.322E+12  0.122E-14  0.122E-14
  0.228E+01  0.508E+12  0.389E-15  0.388E-15
  0.358E+01  0.799E+12  0.125E-15  0.125E-15
  0.560E+01  0.125E+13  0.406E-16  0.406E-16
  0.870E+01  0.194E+13  0.134E-16  0.134E-16
  0.134E+02  0.299E+13  0.454E-17  0.454E-17
  0.202E+02  0.453E+13  0.159E-17  0.159E-17
  0.299E+02  0.672E+13  0.591E-18  0.591E-18
  0.428E+02  0.964E+13  0.237E-18  0.237E-18
  0.494E+02  0.112E+14  0.167E-18  0.167E-18
  0.721E+02  0.164E+14  0.676E-19  0.676E-19
  0.806E+02  0.184E+14  0.504E-19  0.504E-19
  0.101E+03  0.232E+14  0.275E-19  0.275E-19
  0.119E+03  0.274E+14  0.182E-19  0.182E-19
  0.170E+03  0.398E+14  0.714E-20  0.714E-20
  0.193E+03  0.453E+14  0.517E-20  0.517E-20
  0.234E+03  0.558E+14  0.308E-20  0.308E-20
  0.278E+03  0.672E+14  0.194E-20  0.194E-20
  0.387E+03  0.964E+14  0.783E-21  0.783E-21
  0.441E+03  0.112E+15  0.543E-21  0.543E-21
  0.513E+03  0.133E+15  0.350E-21  0.350E-21
  0.612E+03  0.164E+15  0.208E-21  0.208E-21
  0.812E+03  0.232E+15  0.869E-22  0.869E-22
  0.102E+04  0.316E+15  0.404E-22  0.404E-22
