 DENS, T, fainum_exp
  0.100E+11  0.250E+04  0.715E+14
 lAMBDA, n, np
  0.367E+04  0.200E+01  0.270E+02

  0.000E+00  0.263E-13  0.799E-13  0.255E+19
  0.352E+11  0.263E-13  0.799E-13  0.255E+19
  0.558E+11  0.263E-13  0.799E-13  0.255E+19
  0.884E+11  0.263E-13  0.799E-13  0.255E+19
  0.140E+12  0.263E-13  0.798E-13  0.255E+19
  0.222E+12  0.263E-13  0.798E-13  0.255E+19
  0.352E+12  0.263E-13  0.797E-13  0.255E+19
  0.558E+12  0.263E-13  0.792E-13  0.255E+19
  0.884E+12  0.262E-13  0.782E-13  0.255E+19
  0.140E+13  0.262E-13  0.758E-13  0.255E+19
  0.222E+13  0.260E-13  0.698E-13  0.255E+19
  0.352E+13  0.255E-13  0.566E-13  0.255E+19
  0.558E+13  0.245E-13  0.346E-13  0.255E+19
  0.884E+13  0.219E-13  0.141E-13  0.255E+19
  0.140E+14  0.167E-13  0.438E-14  0.255E+19
  0.222E+14  0.862E-14  0.129E-14  0.255E+19
  0.352E+14  0.186E-14  0.388E-15  0.255E+19
  0.557E+14  0.184E-15  0.119E-15  0.255E+19
  0.882E+14  0.405E-16  0.358E-16  0.255E+19
  0.140E+15  0.116E-16  0.112E-16  0.255E+19
  0.221E+15  0.359E-17  0.353E-17  0.255E+19
  0.349E+15  0.113E-17  0.112E-17  0.255E+19
  0.550E+15  0.360E-18  0.359E-18  0.255E+19
  0.865E+15  0.116E-18  0.115E-18  0.255E+19
  0.135E+16  0.375E-19  0.375E-19  0.255E+19
  0.211E+16  0.124E-19  0.124E-19  0.255E+19
  0.324E+16  0.419E-20  0.419E-20  0.255E+19
  0.491E+16  0.147E-20  0.147E-20  0.255E+19
  0.727E+16  0.545E-21  0.545E-21  0.255E+19
  0.104E+17  0.219E-21  0.219E-21  0.255E+19
  0.121E+17  0.154E-21  0.154E-21  0.255E+19
  0.177E+17  0.624E-22  0.624E-22  0.255E+19
  0.199E+17  0.465E-22  0.465E-22  0.255E+19
  0.252E+17  0.254E-22  0.254E-22  0.255E+19
  0.297E+17  0.168E-22  0.168E-22  0.255E+19
  0.431E+17  0.660E-23  0.660E-23  0.255E+19
  0.491E+17  0.477E-23  0.477E-23  0.255E+19
  0.604E+17  0.285E-23  0.285E-23  0.255E+19
  0.727E+17  0.179E-23  0.179E-23  0.255E+19
  0.104E+18  0.723E-24  0.723E-24  0.255E+19
  0.121E+18  0.501E-24  0.501E-24  0.255E+19
  0.144E+18  0.323E-24  0.323E-24  0.255E+19
  0.177E+18  0.192E-24  0.192E-24  0.255E+19
  0.252E+18  0.802E-25  0.802E-25  0.255E+19
  0.342E+18  0.373E-25  0.373E-25  0.255E+19
