 DENS, T, fainum_exp
  0.100E+11  0.250E+04  0.148E+14
 lAMBDA, n, np
  0.915E+03  0.100E+01  0.160E+02

  0.000E+00  0.739E-14  0.278E-12  0.528E+18
  0.225E+11  0.739E-14  0.278E-12  0.528E+18
  0.356E+11  0.739E-14  0.278E-12  0.528E+18
  0.565E+11  0.739E-14  0.278E-12  0.528E+18
  0.895E+11  0.739E-14  0.277E-12  0.528E+18
  0.142E+12  0.739E-14  0.276E-12  0.528E+18
  0.225E+12  0.739E-14  0.273E-12  0.528E+18
  0.356E+12  0.739E-14  0.265E-12  0.528E+18
  0.565E+12  0.739E-14  0.246E-12  0.528E+18
  0.895E+12  0.739E-14  0.206E-12  0.528E+18
  0.142E+13  0.739E-14  0.139E-12  0.528E+18
  0.225E+13  0.739E-14  0.656E-13  0.528E+18
  0.356E+13  0.738E-14  0.226E-13  0.528E+18
  0.564E+13  0.735E-14  0.693E-14  0.528E+18
  0.894E+13  0.729E-14  0.214E-14  0.528E+18
  0.142E+14  0.714E-14  0.679E-15  0.528E+18
  0.224E+14  0.678E-14  0.218E-15  0.528E+18
  0.355E+14  0.596E-14  0.695E-16  0.528E+18
  0.561E+14  0.431E-14  0.225E-16  0.528E+18
  0.885E+14  0.193E-14  0.717E-17  0.528E+18
  0.139E+15  0.257E-15  0.230E-17  0.528E+18
  0.218E+15  0.256E-17  0.745E-18  0.528E+18
  0.349E+15  0.262E-18  0.231E-18  0.528E+18
  0.556E+15  0.753E-19  0.722E-19  0.528E+18
  0.885E+15  0.230E-19  0.226E-19  0.528E+18
  0.139E+16  0.730E-20  0.726E-20  0.528E+18
  0.222E+16  0.227E-20  0.227E-20  0.528E+18
  0.353E+16  0.716E-21  0.715E-21  0.528E+18
  0.556E+16  0.229E-21  0.229E-21  0.528E+18
  0.885E+16  0.717E-22  0.717E-22  0.528E+18
  0.141E+17  0.225E-22  0.225E-22  0.528E+18
  0.222E+17  0.720E-23  0.720E-23  0.528E+18
  0.353E+17  0.226E-23  0.226E-23  0.528E+18
  0.556E+17  0.724E-24  0.724E-24  0.528E+18
