 DENS, T, fainum_exp
  0.100E+11  0.250E+04  0.148E+14
 lAMBDA, n, np
  0.915E+03  0.100E+01  0.160E+02
 34
  0.000E+00  0.000E+00  0.801E-11  0.301E-09
  0.580E-05  0.208E+08  0.801E-11  0.301E-09
  0.920E-05  0.329E+08  0.801E-11  0.301E-09
  0.146E-04  0.521E+08  0.801E-11  0.301E-09
  0.231E-04  0.826E+08  0.801E-11  0.300E-09
  0.366E-04  0.131E+09  0.801E-11  0.299E-09
  0.580E-04  0.208E+09  0.801E-11  0.295E-09
  0.920E-04  0.329E+09  0.801E-11  0.286E-09
  0.146E-03  0.521E+09  0.801E-11  0.266E-09
  0.231E-03  0.826E+09  0.801E-11  0.223E-09
  0.366E-03  0.131E+10  0.801E-11  0.150E-09
  0.580E-03  0.208E+10  0.800E-11  0.711E-10
  0.919E-03  0.329E+10  0.799E-11  0.244E-10
  0.146E-02  0.521E+10  0.796E-11  0.751E-11
  0.231E-02  0.825E+10  0.790E-11  0.232E-11
  0.365E-02  0.131E+11  0.774E-11  0.735E-12
  0.578E-02  0.207E+11  0.735E-11  0.236E-12
  0.915E-02  0.328E+11  0.645E-11  0.753E-13
  0.145E-01  0.518E+11  0.467E-11  0.244E-13
  0.228E-01  0.817E+11  0.209E-11  0.777E-14
  0.359E-01  0.129E+12  0.278E-12  0.249E-14
  0.564E-01  0.202E+12  0.277E-14  0.807E-15
  0.900E-01  0.322E+12  0.283E-15  0.251E-15
  0.143E+00  0.513E+12  0.815E-16  0.782E-16
  0.228E+00  0.817E+12  0.249E-16  0.245E-16
  0.359E+00  0.129E+13  0.791E-17  0.786E-17
  0.572E+00  0.205E+13  0.246E-17  0.246E-17
  0.910E+00  0.326E+13  0.776E-18  0.775E-18
  0.143E+01  0.513E+13  0.248E-18  0.248E-18
  0.228E+01  0.817E+13  0.776E-19  0.776E-19
  0.362E+01  0.130E+14  0.244E-19  0.244E-19
  0.569E+01  0.205E+14  0.780E-20  0.780E-20
  0.901E+01  0.326E+14  0.244E-20  0.244E-20
  0.141E+02  0.513E+14  0.784E-21  0.784E-21
