 DENS, T, fainum_exp
  0.100E+11  0.250E+04  0.904E+12
 lAMBDA, n, np
  0.101E+05  0.300E+01  0.700E+01
 49
  0.000E+00  0.000E+00  0.878E-10  0.306E-08
  0.580E-04  0.172E+07  0.878E-10  0.306E-08
  0.920E-04  0.273E+07  0.878E-10  0.305E-08
  0.146E-03  0.432E+07  0.878E-10  0.305E-08
  0.231E-03  0.685E+07  0.878E-10  0.305E-08
  0.365E-03  0.108E+08  0.878E-10  0.303E-08
  0.579E-03  0.172E+08  0.878E-10  0.300E-08
  0.916E-03  0.272E+08  0.878E-10  0.291E-08
  0.145E-02  0.430E+08  0.878E-10  0.273E-08
  0.229E-02  0.678E+08  0.878E-10  0.235E-08
  0.360E-02  0.107E+09  0.877E-10  0.172E-08
  0.565E-02  0.168E+09  0.877E-10  0.984E-09
  0.882E-02  0.262E+09  0.876E-10  0.437E-09
  0.137E-01  0.405E+09  0.874E-10  0.167E-09
  0.209E-01  0.619E+09  0.869E-10  0.605E-10
  0.313E-01  0.929E+09  0.859E-10  0.222E-10
  0.457E-01  0.136E+10  0.839E-10  0.868E-11
  0.516E-01  0.153E+10  0.829E-10  0.654E-11
  0.645E-01  0.191E+10  0.802E-10  0.366E-11
  0.768E-01  0.228E+10  0.773E-10  0.235E-11
  0.111E+00  0.329E+10  0.671E-10  0.940E-12
  0.127E+00  0.378E+10  0.618E-10  0.682E-12
  0.175E+00  0.520E+10  0.444E-10  0.312E-12
  0.258E+00  0.767E+10  0.175E-10  0.123E-12
  0.309E+00  0.918E+10  0.919E-11  0.798E-13
  0.457E+00  0.136E+11  0.278E-12  0.310E-13
  0.768E+00  0.228E+11  0.124E-13  0.900E-14
  0.111E+01  0.329E+11  0.401E-14  0.370E-14
  0.127E+01  0.378E+11  0.286E-14  0.270E-14
  0.188E+01  0.557E+11  0.108E-14  0.105E-14
  0.258E+01  0.767E+11  0.494E-15  0.487E-15
  0.309E+01  0.918E+11  0.320E-15  0.317E-15
  0.457E+01  0.136E+12  0.123E-15  0.122E-15
  0.111E+02  0.329E+12  0.140E-16  0.140E-16
  0.127E+02  0.378E+12  0.101E-16  0.101E-16
  0.187E+02  0.557E+12  0.376E-17  0.376E-17
  0.258E+02  0.767E+12  0.178E-17  0.178E-17
  0.308E+02  0.918E+12  0.115E-17  0.115E-17
  0.455E+02  0.136E+13  0.421E-18  0.421E-18
  0.110E+03  0.329E+13  0.459E-19  0.459E-19
  0.126E+03  0.378E+13  0.326E-19  0.326E-19
  0.184E+03  0.557E+13  0.123E-19  0.123E-19
  0.252E+03  0.767E+13  0.555E-20  0.555E-20
  0.300E+03  0.918E+13  0.354E-20  0.354E-20
  0.438E+03  0.136E+14  0.133E-20  0.133E-20
  0.100E+04  0.329E+14  0.145E-21  0.145E-21
  0.113E+04  0.378E+14  0.103E-21  0.103E-21
  0.134E+04  0.458E+14  0.636E-22  0.636E-22
  0.158E+04  0.557E+14  0.390E-22  0.390E-22
