 DENS, T, fainum_exp
  0.100E+11  0.250E+04  0.904E+12
 lAMBDA, n, np
  0.101E+05  0.300E+01  0.700E+01

  0.000E+00  0.810E-13  0.282E-11  0.322E+17
  0.186E+10  0.810E-13  0.282E-11  0.322E+17
  0.295E+10  0.810E-13  0.282E-11  0.322E+17
  0.468E+10  0.810E-13  0.282E-11  0.322E+17
  0.742E+10  0.810E-13  0.281E-11  0.322E+17
  0.117E+11  0.810E-13  0.280E-11  0.322E+17
  0.186E+11  0.810E-13  0.277E-11  0.322E+17
  0.294E+11  0.810E-13  0.269E-11  0.322E+17
  0.465E+11  0.810E-13  0.252E-11  0.322E+17
  0.734E+11  0.810E-13  0.217E-11  0.322E+17
  0.116E+12  0.810E-13  0.159E-11  0.322E+17
  0.182E+12  0.810E-13  0.909E-12  0.322E+17
  0.283E+12  0.809E-13  0.403E-12  0.322E+17
  0.439E+12  0.807E-13  0.154E-12  0.322E+17
  0.671E+12  0.803E-13  0.559E-13  0.322E+17
  0.101E+13  0.793E-13  0.205E-13  0.322E+17
  0.147E+13  0.774E-13  0.802E-14  0.322E+17
  0.166E+13  0.765E-13  0.604E-14  0.322E+17
  0.207E+13  0.741E-13  0.338E-14  0.322E+17
  0.247E+13  0.713E-13  0.217E-14  0.322E+17
  0.357E+13  0.620E-13  0.868E-15  0.322E+17
  0.409E+13  0.571E-13  0.630E-15  0.322E+17
  0.563E+13  0.410E-13  0.288E-15  0.322E+17
  0.831E+13  0.161E-13  0.113E-15  0.322E+17
  0.994E+13  0.848E-14  0.737E-16  0.322E+17
  0.147E+14  0.257E-15  0.286E-16  0.322E+17
  0.247E+14  0.114E-16  0.831E-17  0.322E+17
  0.357E+14  0.370E-17  0.342E-17  0.322E+17
  0.409E+14  0.264E-17  0.249E-17  0.322E+17
  0.603E+14  0.997E-18  0.970E-18  0.322E+17
  0.831E+14  0.457E-18  0.450E-18  0.322E+17
  0.994E+14  0.295E-18  0.293E-18  0.322E+17
  0.147E+15  0.113E-18  0.113E-18  0.322E+17
  0.357E+15  0.129E-19  0.129E-19  0.322E+17
  0.409E+15  0.934E-20  0.933E-20  0.322E+17
  0.603E+15  0.348E-20  0.347E-20  0.322E+17
  0.831E+15  0.165E-20  0.165E-20  0.322E+17
  0.994E+15  0.107E-20  0.107E-20  0.322E+17
  0.147E+16  0.389E-21  0.389E-21  0.322E+17
  0.357E+16  0.424E-22  0.424E-22  0.322E+17
  0.409E+16  0.301E-22  0.301E-22  0.322E+17
  0.603E+16  0.114E-22  0.114E-22  0.322E+17
  0.831E+16  0.512E-23  0.512E-23  0.322E+17
  0.994E+16  0.327E-23  0.327E-23  0.322E+17
  0.147E+17  0.123E-23  0.123E-23  0.322E+17
  0.357E+17  0.134E-24  0.134E-24  0.322E+17
  0.409E+17  0.952E-25  0.952E-25  0.322E+17
  0.496E+17  0.587E-25  0.587E-25  0.322E+17
  0.603E+17  0.360E-25  0.360E-25  0.322E+17
