 DENS, T, fainum_exp
  0.100E+11  0.250E+04  0.141E+12
 lAMBDA, n, np
  0.486E+04  0.200E+01  0.400E+01

  0.000E+00  0.394E-13  0.200E-10  0.502E+16
  0.797E+08  0.394E-13  0.200E-10  0.502E+16
  0.126E+09  0.394E-13  0.200E-10  0.502E+16
  0.200E+09  0.394E-13  0.200E-10  0.502E+16
  0.317E+09  0.394E-13  0.200E-10  0.502E+16
  0.503E+09  0.394E-13  0.200E-10  0.502E+16
  0.797E+09  0.394E-13  0.201E-10  0.502E+16
  0.126E+10  0.394E-13  0.200E-10  0.502E+16
  0.200E+10  0.394E-13  0.198E-10  0.502E+16
  0.316E+10  0.394E-13  0.193E-10  0.502E+16
  0.501E+10  0.394E-13  0.184E-10  0.502E+16
  0.792E+10  0.394E-13  0.163E-10  0.502E+16
  0.125E+11  0.394E-13  0.127E-10  0.502E+16
  0.197E+11  0.394E-13  0.822E-11  0.502E+16
  0.310E+11  0.394E-13  0.436E-11  0.502E+16
  0.486E+11  0.394E-13  0.201E-11  0.502E+16
  0.755E+11  0.394E-13  0.850E-12  0.502E+16
  0.116E+12  0.394E-13  0.347E-12  0.502E+16
  0.176E+12  0.394E-13  0.141E-12  0.502E+16
  0.260E+12  0.394E-13  0.589E-13  0.502E+16
  0.372E+12  0.394E-13  0.261E-13  0.502E+16
  0.432E+12  0.394E-13  0.187E-13  0.502E+16
  0.634E+12  0.393E-13  0.769E-14  0.502E+16
  0.176E+13  0.388E-13  0.708E-15  0.502E+16
  0.249E+13  0.382E-13  0.295E-15  0.502E+16
  0.363E+13  0.369E-13  0.117E-15  0.502E+16
  0.432E+13  0.360E-13  0.768E-16  0.502E+16
  0.634E+13  0.323E-13  0.301E-16  0.502E+16
  0.154E+14  0.113E-13  0.352E-17  0.502E+16
  0.176E+14  0.810E-14  0.259E-17  0.502E+16
  0.260E+14  0.714E-15  0.100E-17  0.502E+16
  0.363E+14  0.229E-17  0.447E-18  0.502E+16
  0.432E+14  0.819E-18  0.296E-18  0.502E+16
  0.634E+14  0.149E-18  0.117E-18  0.502E+16
  0.154E+15  0.142E-19  0.140E-19  0.502E+16
  0.176E+15  0.104E-19  0.103E-19  0.502E+16
  0.249E+15  0.444E-20  0.441E-20  0.502E+16
  0.363E+15  0.178E-20  0.177E-20  0.502E+16
  0.432E+15  0.117E-20  0.117E-20  0.502E+16
  0.634E+15  0.460E-21  0.460E-21  0.502E+16
  0.154E+16  0.556E-22  0.556E-22  0.502E+16
  0.176E+16  0.400E-22  0.400E-22  0.502E+16
  0.249E+16  0.163E-22  0.163E-22  0.502E+16
  0.363E+16  0.632E-23  0.632E-23  0.502E+16
  0.432E+16  0.408E-23  0.408E-23  0.502E+16
  0.634E+16  0.157E-23  0.157E-23  0.502E+16
  0.154E+17  0.171E-24  0.171E-24  0.502E+16
  0.176E+17  0.123E-24  0.123E-24  0.502E+16
  0.249E+17  0.515E-25  0.515E-25  0.502E+16
  0.363E+17  0.200E-25  0.200E-25  0.502E+16
  0.432E+17  0.129E-25  0.129E-25  0.502E+16
  0.500E+17  0.897E-26  0.897E-26  0.502E+16
  0.634E+17  0.497E-26  0.497E-26  0.502E+16
  0.836E+17  0.248E-26  0.248E-26  0.502E+16
  0.112E+18  0.120E-26  0.120E-26  0.502E+16
  0.157E+18  0.517E-27  0.517E-27  0.502E+16
  0.192E+18  0.312E-27  0.312E-27  0.502E+16
  0.223E+18  0.214E-27  0.214E-27  0.502E+16
  0.249E+18  0.163E-27  0.163E-27  0.502E+16
