 DENS, T, fainum_exp
  0.100E+11  0.250E+04  0.141E+12
 lAMBDA, n, np
  0.486E+04  0.200E+01  0.400E+01
 59
  0.000E+00  0.000E+00  0.427E-10  0.217E-07
  0.580E-06  0.736E+05  0.427E-10  0.217E-07
  0.920E-06  0.117E+06  0.427E-10  0.217E-07
  0.146E-05  0.185E+06  0.427E-10  0.217E-07
  0.231E-05  0.293E+06  0.427E-10  0.217E-07
  0.366E-05  0.464E+06  0.427E-10  0.217E-07
  0.580E-05  0.736E+06  0.427E-10  0.217E-07
  0.920E-05  0.117E+07  0.427E-10  0.216E-07
  0.146E-04  0.185E+07  0.427E-10  0.214E-07
  0.230E-04  0.292E+07  0.427E-10  0.209E-07
  0.365E-04  0.463E+07  0.427E-10  0.199E-07
  0.577E-04  0.732E+07  0.427E-10  0.177E-07
  0.912E-04  0.116E+08  0.427E-10  0.138E-07
  0.144E-03  0.182E+08  0.427E-10  0.890E-08
  0.226E-03  0.287E+08  0.427E-10  0.472E-08
  0.354E-03  0.448E+08  0.427E-10  0.217E-08
  0.550E-03  0.697E+08  0.427E-10  0.920E-09
  0.845E-03  0.107E+09  0.427E-10  0.376E-09
  0.128E-02  0.162E+09  0.427E-10  0.153E-09
  0.189E-02  0.240E+09  0.427E-10  0.638E-10
  0.271E-02  0.344E+09  0.427E-10  0.282E-10
  0.315E-02  0.399E+09  0.427E-10  0.202E-10
  0.461E-02  0.585E+09  0.426E-10  0.833E-11
  0.128E-01  0.162E+10  0.421E-10  0.766E-12
  0.181E-01  0.230E+10  0.414E-10  0.320E-12
  0.264E-01  0.335E+10  0.400E-10  0.126E-12
  0.315E-01  0.399E+10  0.389E-10  0.832E-13
  0.461E-01  0.585E+10  0.350E-10  0.326E-13
  0.112E+00  0.142E+11  0.122E-10  0.381E-14
  0.128E+00  0.162E+11  0.877E-11  0.280E-14
  0.189E+00  0.240E+11  0.773E-12  0.108E-14
  0.264E+00  0.335E+11  0.248E-14  0.484E-15
  0.315E+00  0.399E+11  0.887E-15  0.320E-15
  0.461E+00  0.585E+11  0.161E-15  0.127E-15
  0.112E+01  0.142E+12  0.154E-16  0.151E-16
  0.128E+01  0.162E+12  0.113E-16  0.111E-16
  0.181E+01  0.230E+12  0.481E-17  0.478E-17
  0.264E+01  0.335E+12  0.193E-17  0.192E-17
  0.315E+01  0.399E+12  0.127E-17  0.127E-17
  0.461E+01  0.585E+12  0.498E-18  0.498E-18
  0.112E+02  0.142E+13  0.602E-19  0.602E-19
  0.128E+02  0.162E+13  0.434E-19  0.434E-19
  0.180E+02  0.230E+13  0.176E-19  0.176E-19
  0.263E+02  0.335E+13  0.685E-20  0.685E-20
  0.313E+02  0.399E+13  0.442E-20  0.442E-20
  0.457E+02  0.585E+13  0.170E-20  0.170E-20
  0.110E+03  0.142E+14  0.185E-21  0.185E-21
  0.125E+03  0.162E+14  0.133E-21  0.133E-21
  0.175E+03  0.230E+14  0.558E-22  0.558E-22
  0.251E+03  0.335E+14  0.217E-22  0.217E-22
  0.296E+03  0.399E+14  0.140E-22  0.140E-22
  0.339E+03  0.462E+14  0.972E-23  0.972E-23
  0.421E+03  0.585E+14  0.538E-23  0.538E-23
  0.541E+03  0.772E+14  0.269E-23  0.269E-23
  0.697E+03  0.103E+15  0.130E-23  0.130E-23
  0.924E+03  0.145E+15  0.560E-24  0.560E-24
  0.108E+04  0.177E+15  0.338E-24  0.338E-24
  0.122E+04  0.206E+15  0.232E-24  0.232E-24
  0.132E+04  0.230E+15  0.176E-24  0.176E-24
