 DENS, T, fainum_exp
  0.100E+11  0.250E+04  0.859E+10
 lAMBDA, n, np
  0.122E+04  0.100E+01  0.200E+01

  0.000E+00  0.984E-14  0.484E-09  0.306E+15
  0.804E+07  0.984E-14  0.483E-09  0.306E+15
  0.127E+08  0.984E-14  0.483E-09  0.306E+15
  0.202E+08  0.984E-14  0.482E-09  0.306E+15
  0.320E+08  0.984E-14  0.480E-09  0.306E+15
  0.507E+08  0.984E-14  0.477E-09  0.306E+15
  0.804E+08  0.984E-14  0.466E-09  0.306E+15
  0.127E+09  0.984E-14  0.453E-09  0.306E+15
  0.202E+09  0.984E-14  0.432E-09  0.306E+15
  0.320E+09  0.984E-14  0.384E-09  0.306E+15
  0.507E+09  0.984E-14  0.302E-09  0.306E+15
  0.804E+09  0.984E-14  0.196E-09  0.306E+15
  0.127E+10  0.984E-14  0.104E-09  0.306E+15
  0.202E+10  0.984E-14  0.476E-10  0.306E+15
  0.319E+10  0.984E-14  0.203E-10  0.306E+15
  0.505E+10  0.984E-14  0.828E-11  0.306E+15
  0.799E+10  0.984E-14  0.334E-11  0.306E+15
  0.126E+11  0.984E-14  0.135E-11  0.306E+15
  0.199E+11  0.984E-14  0.544E-12  0.306E+15
  0.312E+11  0.984E-14  0.219E-12  0.306E+15
  0.487E+11  0.984E-14  0.885E-13  0.306E+15
  0.755E+11  0.984E-14  0.358E-13  0.306E+15
  0.116E+12  0.984E-14  0.147E-13  0.306E+15
  0.174E+12  0.984E-14  0.612E-14  0.306E+15
  0.254E+12  0.984E-14  0.267E-14  0.306E+15
  0.286E+12  0.984E-14  0.209E-14  0.306E+15
  0.360E+12  0.984E-14  0.125E-14  0.306E+15
  0.426E+12  0.984E-14  0.864E-15  0.306E+15
  0.618E+12  0.984E-14  0.378E-15  0.306E+15
  0.706E+12  0.984E-14  0.284E-15  0.306E+15
  0.104E+13  0.984E-14  0.117E-15  0.306E+15
  0.146E+13  0.984E-14  0.546E-16  0.306E+15
  0.174E+13  0.984E-14  0.366E-16  0.306E+15
  0.254E+13  0.983E-14  0.150E-16  0.306E+15
  0.618E+13  0.973E-14  0.180E-17  0.306E+15
  0.706E+13  0.970E-14  0.132E-17  0.306E+15
  0.104E+14  0.952E-14  0.503E-18  0.306E+15
  0.146E+14  0.922E-14  0.223E-18  0.306E+15
  0.174E+14  0.898E-14  0.146E-18  0.306E+15
  0.254E+14  0.806E-14  0.574E-19  0.306E+15
  0.618E+14  0.279E-14  0.671E-20  0.306E+15
  0.706E+14  0.199E-14  0.493E-20  0.306E+15
  0.104E+15  0.171E-15  0.191E-20  0.306E+15
  0.146E+15  0.257E-18  0.858E-21  0.306E+15
  0.174E+15  0.845E-19  0.565E-21  0.306E+15
  0.254E+15  0.342E-21  0.225E-21  0.306E+15
  0.618E+15  0.272E-22  0.267E-22  0.306E+15
  0.706E+15  0.199E-22  0.197E-22  0.306E+15
  0.104E+16  0.767E-23  0.762E-23  0.306E+15
  0.146E+16  0.342E-23  0.341E-23  0.306E+15
  0.174E+16  0.224E-23  0.224E-23  0.306E+15
  0.254E+16  0.880E-24  0.879E-24  0.306E+15
  0.618E+16  0.105E-24  0.105E-24  0.306E+15
  0.706E+16  0.756E-25  0.756E-25  0.306E+15
  0.104E+17  0.276E-25  0.276E-25  0.306E+15
  0.146E+17  0.120E-25  0.120E-25  0.306E+15
  0.174E+17  0.770E-26  0.770E-26  0.306E+15
  0.254E+17  0.297E-26  0.297E-26  0.306E+15
  0.618E+17  0.323E-27  0.323E-27  0.306E+15
  0.706E+17  0.232E-27  0.232E-27  0.306E+15
  0.862E+17  0.140E-27  0.140E-27  0.306E+15
  0.104E+18  0.871E-28  0.871E-28  0.306E+15
  0.146E+18  0.379E-28  0.379E-28  0.306E+15
  0.174E+18  0.244E-28  0.244E-28  0.306E+15
  0.200E+18  0.171E-28  0.171E-28  0.306E+15
  0.254E+18  0.938E-29  0.938E-29  0.306E+15
  0.335E+18  0.471E-29  0.471E-29  0.306E+15
  0.488E+18  0.184E-29  0.184E-29  0.306E+15
  0.628E+18  0.979E-30  0.979E-30  0.306E+15
  0.768E+18  0.593E-30  0.593E-30  0.306E+15
  0.893E+18  0.406E-30  0.406E-30  0.306E+15
