 DENS, T, fainum_exp
  0.100E+11  0.250E+04  0.859E+10
 lAMBDA, n, np
  0.122E+04  0.100E+01  0.200E+01
 71
  0.000E+00  0.000E+00  0.107E-10  0.524E-06
  0.366E-08  0.743E+04  0.107E-10  0.523E-06
  0.580E-08  0.118E+05  0.107E-10  0.523E-06
  0.920E-08  0.187E+05  0.107E-10  0.522E-06
  0.146E-07  0.296E+05  0.107E-10  0.520E-06
  0.231E-07  0.469E+05  0.107E-10  0.516E-06
  0.366E-07  0.743E+05  0.107E-10  0.505E-06
  0.580E-07  0.118E+06  0.107E-10  0.491E-06
  0.920E-07  0.187E+06  0.107E-10  0.467E-06
  0.146E-06  0.296E+06  0.107E-10  0.416E-06
  0.231E-06  0.468E+06  0.107E-10  0.327E-06
  0.366E-06  0.742E+06  0.107E-10  0.212E-06
  0.580E-06  0.118E+07  0.107E-10  0.112E-06
  0.918E-06  0.186E+07  0.107E-10  0.515E-07
  0.145E-05  0.295E+07  0.107E-10  0.219E-07
  0.230E-05  0.467E+07  0.107E-10  0.897E-08
  0.364E-05  0.738E+07  0.107E-10  0.362E-08
  0.574E-05  0.116E+08  0.107E-10  0.146E-08
  0.905E-05  0.184E+08  0.107E-10  0.589E-09
  0.142E-04  0.288E+08  0.107E-10  0.237E-09
  0.222E-04  0.450E+08  0.107E-10  0.958E-10
  0.344E-04  0.697E+08  0.107E-10  0.388E-10
  0.526E-04  0.107E+09  0.107E-10  0.159E-10
  0.791E-04  0.160E+09  0.107E-10  0.663E-11
  0.116E-03  0.235E+09  0.107E-10  0.289E-11
  0.130E-03  0.264E+09  0.107E-10  0.226E-11
  0.164E-03  0.332E+09  0.107E-10  0.136E-11
  0.194E-03  0.394E+09  0.107E-10  0.936E-12
  0.281E-03  0.571E+09  0.107E-10  0.409E-12
  0.321E-03  0.651E+09  0.107E-10  0.307E-12
  0.475E-03  0.963E+09  0.107E-10  0.126E-12
  0.662E-03  0.134E+10  0.107E-10  0.591E-13
  0.791E-03  0.160E+10  0.107E-10  0.396E-13
  0.116E-02  0.235E+10  0.106E-10  0.163E-13
  0.281E-02  0.571E+10  0.105E-10  0.195E-14
  0.321E-02  0.651E+10  0.105E-10  0.143E-14
  0.475E-02  0.963E+10  0.103E-10  0.544E-15
  0.662E-02  0.134E+11  0.999E-11  0.242E-15
  0.791E-02  0.160E+11  0.972E-11  0.158E-15
  0.116E-01  0.235E+11  0.873E-11  0.622E-16
  0.281E-01  0.571E+11  0.302E-11  0.727E-17
  0.321E-01  0.651E+11  0.216E-11  0.534E-17
  0.475E-01  0.963E+11  0.185E-12  0.207E-17
  0.662E-01  0.134E+12  0.278E-15  0.929E-18
  0.791E-01  0.160E+12  0.916E-16  0.612E-18
  0.116E+00  0.235E+12  0.370E-18  0.243E-18
  0.281E+00  0.571E+12  0.295E-19  0.290E-19
  0.321E+00  0.651E+12  0.216E-19  0.213E-19
  0.475E+00  0.963E+12  0.831E-20  0.826E-20
  0.662E+00  0.134E+13  0.370E-20  0.369E-20
  0.790E+00  0.160E+13  0.243E-20  0.242E-20
  0.116E+01  0.235E+13  0.953E-21  0.952E-21
  0.281E+01  0.571E+13  0.114E-21  0.114E-21
  0.320E+01  0.651E+13  0.819E-22  0.819E-22
  0.473E+01  0.963E+13  0.298E-22  0.298E-22
  0.659E+01  0.134E+14  0.130E-22  0.130E-22
  0.786E+01  0.160E+14  0.834E-23  0.834E-23
  0.115E+02  0.235E+14  0.321E-23  0.321E-23
  0.275E+02  0.571E+14  0.349E-24  0.349E-24
  0.313E+02  0.651E+14  0.251E-24  0.251E-24
  0.380E+02  0.796E+14  0.152E-24  0.152E-24
  0.457E+02  0.963E+14  0.944E-25  0.944E-25
  0.628E+02  0.134E+15  0.411E-25  0.411E-25
  0.742E+02  0.160E+15  0.264E-25  0.264E-25
  0.848E+02  0.185E+15  0.185E-25  0.185E-25
  0.106E+03  0.235E+15  0.102E-25  0.102E-25
  0.136E+03  0.310E+15  0.510E-26  0.510E-26
  0.188E+03  0.450E+15  0.200E-26  0.200E-26
  0.231E+03  0.580E+15  0.106E-26  0.106E-26
  0.271E+03  0.709E+15  0.642E-27  0.642E-27
  0.305E+03  0.825E+15  0.440E-27  0.440E-27
