 DENS, T, fainum_exp
  0.100E+11  0.250E+04  0.357E+13
 lAMBDA, n, np
  0.921E+03  0.100E+01  0.100E+02

  0.000E+00  0.745E-14  0.856E-12  0.127E+18
  0.558E+10  0.745E-14  0.856E-12  0.127E+18
  0.884E+10  0.745E-14  0.856E-12  0.127E+18
  0.140E+11  0.745E-14  0.856E-12  0.127E+18
  0.222E+11  0.745E-14  0.855E-12  0.127E+18
  0.352E+11  0.745E-14  0.852E-12  0.127E+18
  0.558E+11  0.745E-14  0.846E-12  0.127E+18
  0.884E+11  0.745E-14  0.829E-12  0.127E+18
  0.140E+12  0.745E-14  0.792E-12  0.127E+18
  0.222E+12  0.745E-14  0.708E-12  0.127E+18
  0.352E+12  0.745E-14  0.549E-12  0.127E+18
  0.558E+12  0.745E-14  0.322E-12  0.127E+18
  0.884E+12  0.745E-14  0.134E-12  0.127E+18
  0.140E+13  0.745E-14  0.450E-13  0.127E+18
  0.222E+13  0.744E-14  0.140E-13  0.127E+18
  0.351E+13  0.743E-14  0.420E-14  0.127E+18
  0.556E+13  0.741E-14  0.135E-14  0.127E+18
  0.879E+13  0.735E-14  0.445E-15  0.127E+18
  0.139E+14  0.720E-14  0.148E-15  0.127E+18
  0.219E+14  0.685E-14  0.493E-16  0.127E+18
  0.345E+14  0.606E-14  0.166E-16  0.127E+18
  0.539E+14  0.448E-14  0.559E-17  0.127E+18
  0.839E+14  0.215E-14  0.190E-17  0.127E+18
  0.135E+15  0.286E-15  0.598E-18  0.127E+18
  0.209E+15  0.215E-17  0.199E-18  0.127E+18
  0.336E+15  0.704E-19  0.607E-19  0.127E+18
  0.520E+15  0.213E-19  0.203E-19  0.127E+18
  0.839E+15  0.627E-20  0.617E-20  0.127E+18
  0.135E+16  0.190E-20  0.189E-20  0.127E+18
  0.209E+16  0.630E-21  0.628E-21  0.127E+18
  0.336E+16  0.197E-21  0.197E-21  0.127E+18
  0.520E+16  0.653E-22  0.653E-22  0.127E+18
  0.839E+16  0.197E-22  0.197E-22  0.127E+18
  0.135E+17  0.603E-23  0.603E-23  0.127E+18
  0.209E+17  0.201E-23  0.201E-23  0.127E+18
  0.336E+17  0.612E-24  0.612E-24  0.127E+18
  0.520E+17  0.206E-24  0.206E-24  0.127E+18
  0.839E+17  0.624E-25  0.624E-25  0.127E+18
  0.135E+18  0.191E-25  0.191E-25  0.127E+18
  0.209E+18  0.637E-26  0.637E-26  0.127E+18
