 DENS, T, fainum_exp
  0.100E+11  0.250E+04  0.357E+13
 lAMBDA, n, np
  0.921E+03  0.100E+01  0.100E+02
 40
  0.000E+00  0.000E+00  0.807E-11  0.927E-09
  0.146E-05  0.515E+07  0.807E-11  0.927E-09
  0.231E-05  0.816E+07  0.807E-11  0.927E-09
  0.366E-05  0.129E+08  0.807E-11  0.927E-09
  0.580E-05  0.205E+08  0.807E-11  0.926E-09
  0.920E-05  0.325E+08  0.807E-11  0.923E-09
  0.146E-04  0.515E+08  0.807E-11  0.916E-09
  0.231E-04  0.816E+08  0.807E-11  0.898E-09
  0.366E-04  0.129E+09  0.807E-11  0.857E-09
  0.580E-04  0.205E+09  0.807E-11  0.767E-09
  0.919E-04  0.325E+09  0.807E-11  0.594E-09
  0.146E-03  0.515E+09  0.807E-11  0.349E-09
  0.231E-03  0.816E+09  0.807E-11  0.146E-09
  0.366E-03  0.129E+10  0.806E-11  0.487E-10
  0.579E-03  0.205E+10  0.806E-11  0.152E-10
  0.918E-03  0.324E+10  0.805E-11  0.455E-11
  0.145E-02  0.513E+10  0.803E-11  0.146E-11
  0.230E-02  0.812E+10  0.796E-11  0.481E-12
  0.363E-02  0.128E+11  0.780E-11  0.160E-12
  0.572E-02  0.202E+11  0.742E-11  0.534E-13
  0.900E-02  0.318E+11  0.656E-11  0.179E-13
  0.141E-01  0.498E+11  0.485E-11  0.606E-14
  0.219E-01  0.774E+11  0.233E-11  0.206E-14
  0.352E-01  0.124E+12  0.309E-12  0.647E-15
  0.546E-01  0.193E+12  0.233E-14  0.215E-15
  0.879E-01  0.311E+12  0.763E-16  0.657E-16
  0.136E+00  0.480E+12  0.231E-16  0.220E-16
  0.219E+00  0.774E+12  0.679E-17  0.668E-17
  0.352E+00  0.124E+13  0.206E-17  0.205E-17
  0.545E+00  0.193E+13  0.682E-18  0.680E-18
  0.878E+00  0.311E+13  0.213E-18  0.213E-18
  0.136E+01  0.480E+13  0.707E-19  0.707E-19
  0.219E+01  0.774E+13  0.214E-19  0.214E-19
  0.351E+01  0.124E+14  0.653E-20  0.653E-20
  0.543E+01  0.193E+14  0.218E-20  0.218E-20
  0.871E+01  0.311E+14  0.663E-21  0.663E-21
  0.134E+02  0.480E+14  0.224E-21  0.224E-21
  0.214E+02  0.774E+14  0.675E-22  0.675E-22
  0.339E+02  0.124E+15  0.206E-22  0.206E-22
  0.515E+02  0.193E+15  0.690E-23  0.690E-23
