 DENS, T, fainum_exp
  0.100E+11  0.250E+04  0.477E+13
 lAMBDA, n, np
  0.919E+03  0.100E+01  0.110E+02

  0.000E+00  0.744E-14  0.678E-12  0.170E+18
  0.887E+10  0.744E-14  0.678E-12  0.170E+18
  0.141E+11  0.744E-14  0.678E-12  0.170E+18
  0.223E+11  0.744E-14  0.678E-12  0.170E+18
  0.353E+11  0.744E-14  0.677E-12  0.170E+18
  0.560E+11  0.744E-14  0.674E-12  0.170E+18
  0.887E+11  0.744E-14  0.665E-12  0.170E+18
  0.141E+12  0.744E-14  0.646E-12  0.170E+18
  0.223E+12  0.744E-14  0.601E-12  0.170E+18
  0.353E+12  0.744E-14  0.508E-12  0.170E+18
  0.560E+12  0.744E-14  0.349E-12  0.170E+18
  0.887E+12  0.744E-14  0.172E-12  0.170E+18
  0.141E+13  0.744E-14  0.620E-13  0.170E+18
  0.223E+13  0.743E-14  0.195E-13  0.170E+18
  0.352E+13  0.743E-14  0.605E-14  0.170E+18
  0.558E+13  0.740E-14  0.185E-14  0.170E+18
  0.882E+13  0.734E-14  0.605E-15  0.170E+18
  0.139E+14  0.719E-14  0.200E-15  0.170E+18
  0.220E+14  0.684E-14  0.667E-16  0.170E+18
  0.346E+14  0.604E-14  0.224E-16  0.170E+18
  0.541E+14  0.447E-14  0.752E-17  0.170E+18
  0.842E+14  0.214E-14  0.256E-17  0.170E+18
  0.135E+15  0.283E-15  0.799E-18  0.170E+18
  0.210E+15  0.220E-17  0.264E-18  0.170E+18
  0.338E+15  0.932E-19  0.805E-19  0.170E+18
  0.541E+15  0.259E-19  0.248E-19  0.170E+18
  0.842E+15  0.833E-20  0.818E-20  0.170E+18
  0.135E+16  0.252E-20  0.251E-20  0.170E+18
  0.210E+16  0.836E-21  0.834E-21  0.170E+18
  0.338E+16  0.261E-21  0.261E-21  0.170E+18
  0.541E+16  0.789E-22  0.789E-22  0.170E+18
  0.842E+16  0.262E-22  0.262E-22  0.170E+18
  0.135E+17  0.799E-23  0.799E-23  0.170E+18
  0.210E+17  0.267E-23  0.267E-23  0.170E+18
  0.338E+17  0.812E-24  0.812E-24  0.170E+18
  0.541E+17  0.249E-24  0.249E-24  0.170E+18
  0.842E+17  0.827E-25  0.827E-25  0.170E+18
  0.135E+18  0.253E-25  0.253E-25  0.170E+18
  0.210E+18  0.845E-26  0.845E-26  0.170E+18
