 DENS, T, fainum_exp
  0.100E+11  0.250E+04  0.477E+13
 lAMBDA, n, np
  0.919E+03  0.100E+01  0.110E+02
 39
  0.000E+00  0.000E+00  0.806E-11  0.735E-09
  0.231E-05  0.819E+07  0.806E-11  0.735E-09
  0.366E-05  0.130E+08  0.806E-11  0.734E-09
  0.580E-05  0.206E+08  0.806E-11  0.734E-09
  0.920E-05  0.326E+08  0.806E-11  0.733E-09
  0.146E-04  0.517E+08  0.806E-11  0.729E-09
  0.231E-04  0.819E+08  0.806E-11  0.721E-09
  0.366E-04  0.130E+09  0.806E-11  0.699E-09
  0.580E-04  0.206E+09  0.806E-11  0.651E-09
  0.919E-04  0.326E+09  0.806E-11  0.550E-09
  0.146E-03  0.517E+09  0.806E-11  0.378E-09
  0.231E-03  0.819E+09  0.806E-11  0.186E-09
  0.366E-03  0.130E+10  0.806E-11  0.671E-10
  0.579E-03  0.206E+10  0.805E-11  0.212E-10
  0.918E-03  0.325E+10  0.804E-11  0.655E-11
  0.145E-02  0.515E+10  0.801E-11  0.200E-11
  0.230E-02  0.815E+10  0.795E-11  0.655E-12
  0.363E-02  0.129E+11  0.779E-11  0.217E-12
  0.572E-02  0.203E+11  0.741E-11  0.723E-13
  0.900E-02  0.319E+11  0.654E-11  0.242E-13
  0.141E-01  0.500E+11  0.484E-11  0.814E-14
  0.219E-01  0.777E+11  0.232E-11  0.277E-14
  0.352E-01  0.125E+12  0.306E-12  0.865E-15
  0.546E-01  0.194E+12  0.238E-14  0.286E-15
  0.879E-01  0.312E+12  0.101E-15  0.871E-16
  0.141E+00  0.500E+12  0.280E-16  0.268E-16
  0.219E+00  0.777E+12  0.902E-17  0.886E-17
  0.352E+00  0.125E+13  0.273E-17  0.271E-17
  0.545E+00  0.194E+13  0.905E-18  0.903E-18
  0.878E+00  0.312E+13  0.283E-18  0.283E-18
  0.141E+01  0.500E+13  0.854E-19  0.854E-19
  0.219E+01  0.777E+13  0.283E-19  0.283E-19
  0.351E+01  0.125E+14  0.866E-20  0.866E-20
  0.543E+01  0.194E+14  0.289E-20  0.289E-20
  0.870E+01  0.312E+14  0.880E-21  0.880E-21
  0.139E+02  0.500E+14  0.270E-21  0.270E-21
  0.214E+02  0.777E+14  0.896E-22  0.896E-22
  0.339E+02  0.125E+15  0.274E-22  0.274E-22
  0.515E+02  0.194E+15  0.915E-23  0.915E-23
