 DENS, T, fainum_exp
  0.100E+11  0.250E+04  0.180E+13
 lAMBDA, n, np
  0.926E+03  0.100E+01  0.800E+01

  0.000E+00  0.750E-14  0.151E-11  0.642E+17
  0.552E+10  0.750E-14  0.151E-11  0.642E+17
  0.874E+10  0.750E-14  0.151E-11  0.642E+17
  0.139E+11  0.750E-14  0.151E-11  0.642E+17
  0.220E+11  0.750E-14  0.150E-11  0.642E+17
  0.348E+11  0.750E-14  0.149E-11  0.642E+17
  0.551E+11  0.750E-14  0.145E-11  0.642E+17
  0.874E+11  0.750E-14  0.137E-11  0.642E+17
  0.138E+12  0.750E-14  0.119E-11  0.642E+17
  0.219E+12  0.750E-14  0.872E-12  0.642E+17
  0.348E+12  0.750E-14  0.480E-12  0.642E+17
  0.551E+12  0.750E-14  0.195E-12  0.642E+17
  0.872E+12  0.750E-14  0.663E-13  0.642E+17
  0.138E+13  0.750E-14  0.211E-13  0.642E+17
  0.218E+13  0.750E-14  0.667E-14  0.642E+17
  0.345E+13  0.749E-14  0.206E-14  0.642E+17
  0.543E+13  0.746E-14  0.680E-15  0.642E+17
  0.853E+13  0.740E-14  0.228E-15  0.642E+17
  0.133E+14  0.727E-14  0.780E-16  0.642E+17
  0.207E+14  0.695E-14  0.271E-16  0.642E+17
  0.317E+14  0.627E-14  0.970E-17  0.642E+17
  0.514E+14  0.469E-14  0.303E-17  0.642E+17
  0.783E+14  0.246E-14  0.109E-17  0.642E+17
  0.133E+15  0.297E-15  0.303E-18  0.642E+17
  0.207E+15  0.220E-17  0.103E-18  0.642E+17
  0.317E+15  0.435E-19  0.353E-19  0.642E+17
  0.514E+15  0.111E-19  0.106E-19  0.642E+17
  0.783E+15  0.373E-20  0.366E-20  0.642E+17
  0.133E+16  0.988E-21  0.982E-21  0.642E+17
  0.207E+16  0.327E-21  0.326E-21  0.642E+17
  0.317E+16  0.117E-21  0.117E-21  0.642E+17
  0.514E+16  0.339E-22  0.339E-22  0.642E+17
  0.783E+16  0.118E-22  0.118E-22  0.642E+17
  0.133E+17  0.313E-23  0.313E-23  0.642E+17
  0.207E+17  0.105E-23  0.105E-23  0.642E+17
  0.317E+17  0.360E-24  0.360E-24  0.642E+17
  0.514E+17  0.107E-24  0.107E-24  0.642E+17
  0.783E+17  0.374E-25  0.374E-25  0.642E+17
  0.133E+18  0.990E-26  0.990E-26  0.642E+17
  0.207E+18  0.331E-26  0.331E-26  0.642E+17
  0.317E+18  0.114E-26  0.114E-26  0.642E+17
