 DENS, T, fainum_exp
  0.100E+11  0.250E+04  0.180E+13
 lAMBDA, n, np
  0.926E+03  0.100E+01  0.800E+01
 41
  0.000E+00  0.000E+00  0.812E-11  0.164E-08
  0.146E-05  0.509E+07  0.812E-11  0.164E-08
  0.231E-05  0.807E+07  0.812E-11  0.164E-08
  0.366E-05  0.128E+08  0.812E-11  0.163E-08
  0.580E-05  0.203E+08  0.812E-11  0.163E-08
  0.920E-05  0.321E+08  0.812E-11  0.161E-08
  0.146E-04  0.509E+08  0.812E-11  0.157E-08
  0.231E-04  0.807E+08  0.812E-11  0.148E-08
  0.366E-04  0.128E+09  0.812E-11  0.129E-08
  0.580E-04  0.203E+09  0.812E-11  0.944E-09
  0.919E-04  0.321E+09  0.812E-11  0.520E-09
  0.146E-03  0.508E+09  0.812E-11  0.212E-09
  0.230E-03  0.805E+09  0.812E-11  0.718E-10
  0.365E-03  0.127E+10  0.812E-11  0.228E-10
  0.577E-03  0.201E+10  0.812E-11  0.723E-11
  0.911E-03  0.318E+10  0.811E-11  0.223E-11
  0.143E-02  0.501E+10  0.808E-11  0.737E-12
  0.225E-02  0.787E+10  0.802E-11  0.247E-12
  0.352E-02  0.123E+11  0.787E-11  0.845E-13
  0.546E-02  0.191E+11  0.753E-11  0.294E-13
  0.836E-02  0.292E+11  0.679E-11  0.105E-13
  0.136E-01  0.475E+11  0.508E-11  0.329E-14
  0.207E-01  0.723E+11  0.267E-11  0.118E-14
  0.352E-01  0.123E+12  0.322E-12  0.328E-15
  0.546E-01  0.191E+12  0.238E-14  0.112E-15
  0.836E-01  0.292E+12  0.471E-16  0.383E-16
  0.136E+00  0.475E+12  0.120E-16  0.114E-16
  0.207E+00  0.723E+12  0.404E-17  0.396E-17
  0.352E+00  0.123E+13  0.107E-17  0.106E-17
  0.546E+00  0.191E+13  0.354E-18  0.353E-18
  0.836E+00  0.292E+13  0.127E-18  0.127E-18
  0.136E+01  0.475E+13  0.367E-19  0.367E-19
  0.207E+01  0.723E+13  0.128E-19  0.128E-19
  0.351E+01  0.123E+14  0.339E-20  0.339E-20
  0.543E+01  0.191E+14  0.113E-20  0.113E-20
  0.829E+01  0.292E+14  0.390E-21  0.390E-21
  0.134E+02  0.475E+14  0.116E-21  0.116E-21
  0.202E+02  0.723E+14  0.405E-22  0.405E-22
  0.339E+02  0.123E+15  0.107E-22  0.107E-22
  0.516E+02  0.191E+15  0.358E-23  0.358E-23
  0.767E+02  0.292E+15  0.123E-23  0.123E-23
