 DENS, T, fainum_exp
  0.100E+11  0.250E+04  0.249E+14
 lAMBDA, n, np
  0.914E+03  0.100E+01  0.190E+02
 33
  0.000E+00  0.000E+00  0.798E-11  0.200E-09
  0.146E-04  0.523E+08  0.798E-11  0.200E-09
  0.231E-04  0.828E+08  0.798E-11  0.200E-09
  0.366E-04  0.131E+09  0.798E-11  0.200E-09
  0.580E-04  0.208E+09  0.798E-11  0.199E-09
  0.920E-04  0.330E+09  0.798E-11  0.196E-09
  0.146E-03  0.523E+09  0.798E-11  0.190E-09
  0.231E-03  0.828E+09  0.798E-11  0.175E-09
  0.366E-03  0.131E+10  0.798E-11  0.144E-09
  0.580E-03  0.208E+10  0.797E-11  0.938E-10
  0.920E-03  0.330E+10  0.796E-11  0.421E-10
  0.146E-02  0.523E+10  0.793E-11  0.140E-10
  0.231E-02  0.828E+10  0.787E-11  0.423E-11
  0.366E-02  0.131E+11  0.771E-11  0.130E-11
  0.580E-02  0.208E+11  0.732E-11  0.410E-12
  0.919E-02  0.329E+11  0.642E-11  0.130E-12
  0.146E-01  0.522E+11  0.463E-11  0.408E-13
  0.230E-01  0.826E+11  0.205E-11  0.127E-13
  0.365E-01  0.131E+12  0.266E-12  0.403E-14
  0.577E-01  0.207E+12  0.327E-14  0.128E-14
  0.910E-01  0.327E+12  0.458E-15  0.408E-15
  0.143E+00  0.514E+12  0.136E-15  0.131E-15
  0.225E+00  0.808E+12  0.429E-16  0.422E-16
  0.359E+00  0.129E+13  0.132E-16  0.131E-16
  0.572E+00  0.205E+13  0.411E-17  0.410E-17
  0.899E+00  0.323E+13  0.134E-17  0.134E-17
  0.143E+01  0.514E+13  0.414E-18  0.414E-18
  0.225E+01  0.808E+13  0.134E-18  0.134E-18
  0.358E+01  0.129E+14  0.417E-19  0.417E-19
  0.569E+01  0.205E+14  0.130E-19  0.130E-19
  0.891E+01  0.323E+14  0.420E-20  0.420E-20
  0.141E+02  0.514E+14  0.131E-20  0.131E-20
  0.220E+02  0.808E+14  0.424E-21  0.424E-21
