 DENS, T, fainum_exp
  0.100E+11  0.250E+04  0.249E+14
 lAMBDA, n, np
  0.914E+03  0.100E+01  0.190E+02

  0.000E+00  0.737E-14  0.185E-12  0.886E+18
  0.566E+11  0.737E-14  0.185E-12  0.886E+18
  0.897E+11  0.737E-14  0.185E-12  0.886E+18
  0.142E+12  0.737E-14  0.184E-12  0.886E+18
  0.225E+12  0.737E-14  0.183E-12  0.886E+18
  0.357E+12  0.737E-14  0.181E-12  0.886E+18
  0.566E+12  0.737E-14  0.175E-12  0.886E+18
  0.897E+12  0.737E-14  0.162E-12  0.886E+18
  0.142E+13  0.737E-14  0.133E-12  0.886E+18
  0.225E+13  0.736E-14  0.866E-13  0.886E+18
  0.357E+13  0.735E-14  0.389E-13  0.886E+18
  0.566E+13  0.733E-14  0.129E-13  0.886E+18
  0.897E+13  0.727E-14  0.391E-14  0.886E+18
  0.142E+14  0.712E-14  0.120E-14  0.886E+18
  0.225E+14  0.676E-14  0.379E-15  0.886E+18
  0.357E+14  0.593E-14  0.120E-15  0.886E+18
  0.565E+14  0.428E-14  0.377E-16  0.886E+18
  0.895E+14  0.189E-14  0.118E-16  0.886E+18
  0.142E+15  0.245E-15  0.372E-17  0.886E+18
  0.224E+15  0.302E-17  0.118E-17  0.886E+18
  0.354E+15  0.422E-18  0.376E-18  0.886E+18
  0.557E+15  0.126E-18  0.121E-18  0.886E+18
  0.875E+15  0.396E-19  0.389E-19  0.886E+18
  0.140E+16  0.122E-19  0.121E-19  0.886E+18
  0.222E+16  0.380E-20  0.379E-20  0.886E+18
  0.350E+16  0.124E-20  0.124E-20  0.886E+18
  0.557E+16  0.382E-21  0.382E-21  0.886E+18
  0.875E+16  0.124E-21  0.124E-21  0.886E+18
  0.140E+17  0.385E-22  0.385E-22  0.886E+18
  0.222E+17  0.120E-22  0.120E-22  0.886E+18
  0.350E+17  0.388E-23  0.388E-23  0.886E+18
  0.557E+17  0.121E-23  0.121E-23  0.886E+18
  0.875E+17  0.391E-24  0.391E-24  0.886E+18
