 DENS, T, fainum_exp
  0.100E+11  0.250E+04  0.259E+13
 lAMBDA, n, np
  0.384E+04  0.200E+01  0.900E+01

  0.000E+00  0.306E-13  0.111E-11  0.923E+17
  0.203E+10  0.306E-13  0.111E-11  0.923E+17
  0.321E+10  0.306E-13  0.111E-11  0.923E+17
  0.509E+10  0.306E-13  0.111E-11  0.923E+17
  0.808E+10  0.306E-13  0.111E-11  0.923E+17
  0.128E+11  0.306E-13  0.111E-11  0.923E+17
  0.203E+11  0.306E-13  0.111E-11  0.923E+17
  0.321E+11  0.306E-13  0.110E-11  0.923E+17
  0.509E+11  0.306E-13  0.109E-11  0.923E+17
  0.807E+11  0.306E-13  0.106E-11  0.923E+17
  0.128E+12  0.306E-13  0.989E-12  0.923E+17
  0.203E+12  0.306E-13  0.841E-12  0.923E+17
  0.321E+12  0.306E-13  0.590E-12  0.923E+17
  0.508E+12  0.305E-13  0.306E-12  0.923E+17
  0.804E+12  0.305E-13  0.119E-12  0.923E+17
  0.127E+13  0.304E-13  0.393E-13  0.923E+17
  0.201E+13  0.302E-13  0.124E-13  0.923E+17
  0.316E+13  0.297E-13  0.385E-14  0.923E+17
  0.496E+13  0.284E-13  0.126E-14  0.923E+17
  0.773E+13  0.255E-13  0.426E-15  0.923E+17
  0.120E+14  0.198E-13  0.149E-15  0.923E+17
  0.183E+14  0.109E-13  0.535E-16  0.923E+17
  0.273E+14  0.249E-14  0.201E-16  0.923E+17
  0.398E+14  0.588E-16  0.808E-17  0.923E+17
  0.451E+14  0.318E-16  0.606E-17  0.923E+17
  0.670E+14  0.313E-17  0.231E-17  0.923E+17
  0.960E+14  0.103E-17  0.958E-18  0.923E+17
  0.111E+15  0.716E-18  0.676E-18  0.923E+17
  0.164E+15  0.267E-18  0.260E-18  0.923E+17
  0.273E+15  0.735E-19  0.728E-19  0.923E+17
  0.398E+15  0.283E-19  0.281E-19  0.923E+17
  0.451E+15  0.210E-19  0.209E-19  0.923E+17
  0.670E+15  0.771E-20  0.770E-20  0.923E+17
  0.965E+15  0.307E-20  0.307E-20  0.923E+17
  0.111E+16  0.218E-20  0.218E-20  0.923E+17
  0.164E+16  0.823E-21  0.823E-21  0.923E+17
  0.183E+16  0.635E-21  0.635E-21  0.923E+17
  0.233E+16  0.340E-21  0.340E-21  0.923E+17
  0.273E+16  0.229E-21  0.229E-21  0.923E+17
  0.398E+16  0.888E-22  0.888E-22  0.923E+17
  0.451E+16  0.660E-22  0.660E-22  0.923E+17
  0.670E+16  0.243E-22  0.243E-22  0.923E+17
  0.965E+16  0.967E-23  0.967E-23  0.923E+17
  0.111E+17  0.688E-23  0.688E-23  0.923E+17
  0.164E+17  0.277E-23  0.277E-23  0.923E+17
  0.183E+17  0.209E-23  0.209E-23  0.923E+17
  0.233E+17  0.112E-23  0.112E-23  0.923E+17
  0.273E+17  0.748E-24  0.748E-24  0.923E+17
  0.398E+17  0.292E-24  0.292E-24  0.923E+17
  0.451E+17  0.214E-24  0.214E-24  0.923E+17
  0.559E+17  0.125E-24  0.125E-24  0.923E+17
  0.670E+17  0.796E-25  0.796E-25  0.923E+17
  0.965E+17  0.319E-25  0.319E-25  0.923E+17
  0.111E+18  0.224E-25  0.224E-25  0.923E+17
  0.134E+18  0.141E-25  0.141E-25  0.923E+17
  0.164E+18  0.853E-26  0.853E-26  0.923E+17
  0.233E+18  0.353E-26  0.353E-26  0.923E+17
  0.318E+18  0.162E-26  0.162E-26  0.923E+17
