 DENS, T, fainum_exp
  0.100E+11  0.250E+04  0.259E+13
 lAMBDA, n, np
  0.384E+04  0.200E+01  0.900E+01
 58
  0.000E+00  0.000E+00  0.331E-10  0.121E-08
  0.920E-05  0.187E+07  0.331E-10  0.121E-08
  0.146E-04  0.297E+07  0.331E-10  0.121E-08
  0.231E-04  0.470E+07  0.331E-10  0.121E-08
  0.366E-04  0.746E+07  0.331E-10  0.121E-08
  0.580E-04  0.118E+08  0.331E-10  0.120E-08
  0.920E-04  0.187E+08  0.331E-10  0.120E-08
  0.146E-03  0.297E+08  0.331E-10  0.120E-08
  0.231E-03  0.470E+08  0.331E-10  0.118E-08
  0.366E-03  0.745E+08  0.331E-10  0.115E-08
  0.580E-03  0.118E+09  0.331E-10  0.107E-08
  0.919E-03  0.187E+09  0.331E-10  0.911E-09
  0.145E-02  0.296E+09  0.331E-10  0.639E-09
  0.230E-02  0.469E+09  0.331E-10  0.331E-09
  0.364E-02  0.742E+09  0.330E-10  0.128E-09
  0.576E-02  0.117E+10  0.329E-10  0.426E-10
  0.909E-02  0.185E+10  0.327E-10  0.135E-10
  0.143E-01  0.292E+10  0.321E-10  0.417E-11
  0.225E-01  0.458E+10  0.307E-10  0.136E-11
  0.351E-01  0.714E+10  0.276E-10  0.462E-12
  0.542E-01  0.110E+11  0.215E-10  0.161E-12
  0.827E-01  0.169E+11  0.118E-10  0.579E-13
  0.124E+00  0.252E+11  0.270E-11  0.218E-13
  0.180E+00  0.368E+11  0.637E-13  0.875E-14
  0.204E+00  0.416E+11  0.344E-13  0.656E-14
  0.304E+00  0.618E+11  0.338E-14  0.250E-14
  0.435E+00  0.886E+11  0.112E-14  0.104E-14
  0.504E+00  0.103E+12  0.775E-15  0.732E-15
  0.742E+00  0.151E+12  0.289E-15  0.282E-15
  0.124E+01  0.252E+12  0.796E-16  0.789E-16
  0.180E+01  0.368E+12  0.306E-16  0.305E-16
  0.204E+01  0.416E+12  0.227E-16  0.226E-16
  0.303E+01  0.618E+12  0.835E-17  0.833E-17
  0.437E+01  0.891E+12  0.333E-17  0.333E-17
  0.503E+01  0.103E+13  0.236E-17  0.236E-17
  0.740E+01  0.151E+13  0.891E-18  0.891E-18
  0.826E+01  0.169E+13  0.688E-18  0.688E-18
  0.105E+02  0.215E+13  0.368E-18  0.368E-18
  0.123E+02  0.252E+13  0.249E-18  0.249E-18
  0.180E+02  0.368E+13  0.962E-19  0.961E-19
  0.203E+02  0.416E+13  0.714E-19  0.714E-19
  0.301E+02  0.618E+13  0.263E-19  0.263E-19
  0.433E+02  0.891E+13  0.105E-19  0.105E-19
  0.497E+02  0.103E+14  0.745E-20  0.745E-20
  0.728E+02  0.151E+14  0.300E-20  0.300E-20
  0.810E+02  0.169E+14  0.226E-20  0.226E-20
  0.103E+03  0.215E+14  0.121E-20  0.121E-20
  0.120E+03  0.252E+14  0.810E-21  0.810E-21
  0.172E+03  0.368E+14  0.316E-21  0.316E-21
  0.194E+03  0.416E+14  0.232E-21  0.232E-21
  0.238E+03  0.517E+14  0.135E-21  0.135E-21
  0.281E+03  0.618E+14  0.862E-22  0.862E-22
  0.393E+03  0.891E+14  0.346E-22  0.346E-22
  0.445E+03  0.103E+15  0.243E-22  0.243E-22
  0.524E+03  0.123E+15  0.153E-22  0.153E-22
  0.622E+03  0.151E+15  0.924E-23  0.924E-23
  0.828E+03  0.215E+15  0.382E-23  0.382E-23
  0.105E+04  0.294E+15  0.175E-23  0.175E-23
