 DENS, T, fainum_exp
  0.100E+11  0.250E+04  0.336E+14
 lAMBDA, n, np
  0.368E+04  0.200E+01  0.210E+02

  0.000E+00  0.281E-13  0.146E-12  0.120E+19
  0.139E+11  0.281E-13  0.146E-12  0.120E+19
  0.220E+11  0.281E-13  0.145E-12  0.120E+19
  0.349E+11  0.281E-13  0.145E-12  0.120E+19
  0.554E+11  0.281E-13  0.145E-12  0.120E+19
  0.877E+11  0.281E-13  0.145E-12  0.120E+19
  0.139E+12  0.281E-13  0.145E-12  0.120E+19
  0.220E+12  0.281E-13  0.145E-12  0.120E+19
  0.349E+12  0.281E-13  0.144E-12  0.120E+19
  0.554E+12  0.281E-13  0.141E-12  0.120E+19
  0.877E+12  0.280E-13  0.135E-12  0.120E+19
  0.139E+13  0.279E-13  0.120E-12  0.120E+19
  0.220E+13  0.277E-13  0.906E-13  0.120E+19
  0.349E+13  0.272E-13  0.503E-13  0.120E+19
  0.553E+13  0.259E-13  0.192E-13  0.120E+19
  0.877E+13  0.231E-13  0.597E-14  0.120E+19
  0.139E+14  0.172E-13  0.181E-14  0.120E+19
  0.220E+14  0.825E-14  0.560E-15  0.120E+19
  0.348E+14  0.144E-14  0.176E-15  0.120E+19
  0.550E+14  0.887E-16  0.550E-16  0.120E+19
  0.869E+14  0.193E-16  0.171E-16  0.120E+19
  0.137E+15  0.571E-17  0.547E-17  0.120E+19
  0.215E+15  0.179E-17  0.176E-17  0.120E+19
  0.336E+15  0.579E-18  0.575E-18  0.120E+19
  0.521E+15  0.192E-18  0.191E-18  0.120E+19
  0.798E+15  0.654E-19  0.654E-19  0.120E+19
  0.120E+16  0.233E-19  0.233E-19  0.120E+19
  0.176E+16  0.884E-20  0.884E-20  0.120E+19
  0.197E+16  0.676E-20  0.676E-20  0.120E+19
  0.250E+16  0.369E-20  0.369E-20  0.120E+19
  0.295E+16  0.246E-20  0.246E-20  0.120E+19
  0.429E+16  0.957E-21  0.957E-21  0.120E+19
  0.488E+16  0.703E-21  0.703E-21  0.120E+19
  0.722E+16  0.260E-21  0.260E-21  0.120E+19
  0.104E+17  0.105E-21  0.105E-21  0.120E+19
  0.120E+17  0.734E-22  0.734E-22  0.120E+19
  0.176E+17  0.298E-22  0.298E-22  0.120E+19
  0.197E+17  0.222E-22  0.222E-22  0.120E+19
  0.250E+17  0.121E-22  0.121E-22  0.120E+19
  0.295E+17  0.801E-23  0.801E-23  0.120E+19
  0.429E+17  0.315E-23  0.315E-23  0.120E+19
  0.488E+17  0.228E-23  0.228E-23  0.120E+19
  0.600E+17  0.136E-23  0.136E-23  0.120E+19
  0.722E+17  0.854E-24  0.854E-24  0.120E+19
  0.104E+18  0.345E-24  0.345E-24  0.120E+19
  0.120E+18  0.240E-24  0.240E-24  0.120E+19
  0.143E+18  0.154E-24  0.154E-24  0.120E+19
  0.176E+18  0.918E-25  0.918E-25  0.120E+19
  0.250E+18  0.383E-25  0.383E-25  0.120E+19
