 DENS, T, fainum_exp
  0.100E+11  0.250E+04  0.336E+14
 lAMBDA, n, np
  0.368E+04  0.200E+01  0.210E+02
 49
  0.000E+00  0.000E+00  0.304E-10  0.158E-09
  0.580E-04  0.128E+08  0.304E-10  0.158E-09
  0.920E-04  0.204E+08  0.304E-10  0.158E-09
  0.146E-03  0.323E+08  0.304E-10  0.158E-09
  0.231E-03  0.511E+08  0.304E-10  0.158E-09
  0.366E-03  0.810E+08  0.304E-10  0.157E-09
  0.580E-03  0.128E+09  0.304E-10  0.157E-09
  0.920E-03  0.204E+09  0.304E-10  0.157E-09
  0.146E-02  0.323E+09  0.304E-10  0.156E-09
  0.231E-02  0.511E+09  0.304E-10  0.153E-09
  0.366E-02  0.810E+09  0.303E-10  0.146E-09
  0.580E-02  0.128E+10  0.302E-10  0.130E-09
  0.919E-02  0.203E+10  0.300E-10  0.981E-10
  0.146E-01  0.322E+10  0.295E-10  0.545E-10
  0.231E-01  0.511E+10  0.281E-10  0.208E-10
  0.366E-01  0.809E+10  0.250E-10  0.646E-11
  0.579E-01  0.128E+11  0.186E-10  0.196E-11
  0.917E-01  0.203E+11  0.894E-11  0.606E-12
  0.145E+00  0.321E+11  0.156E-11  0.190E-12
  0.230E+00  0.508E+11  0.960E-13  0.595E-13
  0.362E+00  0.802E+11  0.209E-13  0.186E-13
  0.571E+00  0.126E+12  0.618E-14  0.592E-14
  0.897E+00  0.199E+12  0.194E-14  0.191E-14
  0.140E+01  0.310E+12  0.627E-15  0.622E-15
  0.217E+01  0.481E+12  0.208E-15  0.207E-15
  0.333E+01  0.737E+12  0.709E-16  0.708E-16
  0.500E+01  0.111E+13  0.253E-16  0.252E-16
  0.734E+01  0.163E+13  0.958E-17  0.958E-17
  0.822E+01  0.182E+13  0.732E-17  0.732E-17
  0.104E+02  0.231E+13  0.400E-17  0.399E-17
  0.123E+02  0.272E+13  0.266E-17  0.266E-17
  0.178E+02  0.396E+13  0.104E-17  0.104E-17
  0.202E+02  0.450E+13  0.761E-18  0.761E-18
  0.299E+02  0.667E+13  0.282E-18  0.282E-18
  0.428E+02  0.958E+13  0.113E-18  0.113E-18
  0.494E+02  0.111E+14  0.795E-19  0.795E-19
  0.721E+02  0.163E+14  0.323E-19  0.323E-19
  0.806E+02  0.182E+14  0.241E-19  0.241E-19
  0.101E+03  0.231E+14  0.131E-19  0.131E-19
  0.119E+03  0.272E+14  0.868E-20  0.868E-20
  0.171E+03  0.396E+14  0.341E-20  0.341E-20
  0.193E+03  0.450E+14  0.247E-20  0.247E-20
  0.234E+03  0.554E+14  0.147E-20  0.147E-20
  0.279E+03  0.667E+14  0.924E-21  0.924E-21
  0.387E+03  0.958E+14  0.374E-21  0.374E-21
  0.441E+03  0.111E+15  0.259E-21  0.259E-21
  0.514E+03  0.132E+15  0.167E-21  0.167E-21
  0.613E+03  0.163E+15  0.994E-22  0.994E-22
  0.813E+03  0.231E+15  0.414E-22  0.414E-22
