 DENS, T, fainum_exp
  0.100E+11  0.250E+04  0.791E+13
 lAMBDA, n, np
  0.917E+03  0.100E+01  0.130E+02
 37
  0.000E+00  0.000E+00  0.804E-11  0.493E-09
  0.366E-05  0.130E+08  0.804E-11  0.493E-09
  0.580E-05  0.207E+08  0.804E-11  0.493E-09
  0.920E-05  0.328E+08  0.804E-11  0.492E-09
  0.146E-04  0.519E+08  0.804E-11  0.491E-09
  0.231E-04  0.823E+08  0.804E-11  0.488E-09
  0.366E-04  0.130E+09  0.804E-11  0.482E-09
  0.580E-04  0.207E+09  0.804E-11  0.466E-09
  0.920E-04  0.328E+09  0.804E-11  0.431E-09
  0.146E-03  0.519E+09  0.804E-11  0.357E-09
  0.231E-03  0.823E+09  0.803E-11  0.236E-09
  0.366E-03  0.130E+10  0.803E-11  0.110E-09
  0.580E-03  0.207E+10  0.803E-11  0.378E-10
  0.919E-03  0.327E+10  0.802E-11  0.117E-10
  0.146E-02  0.519E+10  0.799E-11  0.363E-11
  0.230E-02  0.821E+10  0.793E-11  0.115E-11
  0.365E-02  0.130E+11  0.777E-11  0.366E-12
  0.577E-02  0.205E+11  0.738E-11  0.121E-12
  0.910E-02  0.324E+11  0.649E-11  0.398E-13
  0.143E-01  0.511E+11  0.473E-11  0.131E-13
  0.225E-01  0.803E+11  0.216E-11  0.433E-14
  0.352E-01  0.125E+12  0.302E-12  0.141E-14
  0.572E-01  0.204E+12  0.213E-14  0.420E-15
  0.900E-01  0.321E+12  0.153E-15  0.135E-15
  0.141E+00  0.502E+12  0.459E-16  0.440E-16
  0.225E+00  0.803E+12  0.139E-16  0.136E-16
  0.352E+00  0.125E+13  0.448E-17  0.445E-17
  0.572E+00  0.204E+13  0.133E-17  0.133E-17
  0.899E+00  0.321E+13  0.433E-18  0.432E-18
  0.141E+01  0.502E+13  0.140E-18  0.140E-18
  0.225E+01  0.803E+13  0.433E-19  0.433E-19
  0.351E+01  0.125E+14  0.142E-19  0.142E-19
  0.569E+01  0.204E+14  0.421E-20  0.421E-20
  0.891E+01  0.321E+14  0.136E-20  0.136E-20
  0.139E+02  0.502E+14  0.443E-21  0.443E-21
  0.220E+02  0.803E+14  0.137E-21  0.137E-21
  0.339E+02  0.125E+15  0.449E-22  0.449E-22
