 DENS, T, fainum_exp
  0.100E+11  0.250E+04  0.791E+13
 lAMBDA, n, np
  0.917E+03  0.100E+01  0.130E+02

  0.000E+00  0.742E-14  0.455E-12  0.282E+18
  0.141E+11  0.742E-14  0.455E-12  0.282E+18
  0.224E+11  0.742E-14  0.455E-12  0.282E+18
  0.355E+11  0.742E-14  0.455E-12  0.282E+18
  0.562E+11  0.742E-14  0.454E-12  0.282E+18
  0.891E+11  0.742E-14  0.451E-12  0.282E+18
  0.141E+12  0.742E-14  0.445E-12  0.282E+18
  0.224E+12  0.742E-14  0.431E-12  0.282E+18
  0.355E+12  0.742E-14  0.398E-12  0.282E+18
  0.562E+12  0.742E-14  0.330E-12  0.282E+18
  0.891E+12  0.742E-14  0.218E-12  0.282E+18
  0.141E+13  0.742E-14  0.101E-12  0.282E+18
  0.224E+13  0.741E-14  0.349E-13  0.282E+18
  0.355E+13  0.740E-14  0.108E-13  0.282E+18
  0.562E+13  0.738E-14  0.335E-14  0.282E+18
  0.889E+13  0.732E-14  0.107E-14  0.282E+18
  0.141E+14  0.717E-14  0.338E-15  0.282E+18
  0.223E+14  0.681E-14  0.111E-15  0.282E+18
  0.351E+14  0.600E-14  0.368E-16  0.282E+18
  0.554E+14  0.437E-14  0.121E-16  0.282E+18
  0.869E+14  0.200E-14  0.400E-17  0.282E+18
  0.136E+15  0.279E-15  0.130E-17  0.282E+18
  0.221E+15  0.196E-17  0.388E-18  0.282E+18
  0.347E+15  0.142E-18  0.125E-18  0.282E+18
  0.544E+15  0.424E-19  0.406E-19  0.282E+18
  0.869E+15  0.128E-19  0.126E-19  0.282E+18
  0.136E+16  0.414E-20  0.411E-20  0.282E+18
  0.221E+16  0.123E-20  0.122E-20  0.282E+18
  0.347E+16  0.400E-21  0.399E-21  0.282E+18
  0.544E+16  0.129E-21  0.129E-21  0.282E+18
  0.869E+16  0.400E-22  0.400E-22  0.282E+18
  0.136E+17  0.131E-22  0.131E-22  0.282E+18
  0.221E+17  0.389E-23  0.389E-23  0.282E+18
  0.347E+17  0.125E-23  0.125E-23  0.282E+18
  0.544E+17  0.409E-24  0.409E-24  0.282E+18
  0.869E+17  0.127E-24  0.127E-24  0.282E+18
  0.136E+18  0.415E-25  0.415E-25  0.282E+18
