 DENS, T, fainum_exp
  0.100E+11  0.250E+04  0.442E+14
 lAMBDA, n, np
  0.835E+04  0.300E+01  0.230E+02

  0.000E+00  0.531E-13  0.117E-12  0.157E+19
  0.428E+10  0.531E-13  0.117E-12  0.157E+19
  0.679E+10  0.531E-13  0.117E-12  0.157E+19
  0.108E+11  0.531E-13  0.117E-12  0.157E+19
  0.171E+11  0.531E-13  0.117E-12  0.157E+19
  0.270E+11  0.531E-13  0.117E-12  0.157E+19
  0.428E+11  0.531E-13  0.117E-12  0.157E+19
  0.679E+11  0.531E-13  0.117E-12  0.157E+19
  0.108E+12  0.531E-13  0.117E-12  0.157E+19
  0.171E+12  0.531E-13  0.117E-12  0.157E+19
  0.270E+12  0.531E-13  0.117E-12  0.157E+19
  0.428E+12  0.530E-13  0.116E-12  0.157E+19
  0.679E+12  0.529E-13  0.113E-12  0.157E+19
  0.108E+13  0.525E-13  0.108E-12  0.157E+19
  0.171E+13  0.515E-13  0.958E-13  0.157E+19
  0.270E+13  0.493E-13  0.719E-13  0.157E+19
  0.428E+13  0.440E-13  0.400E-13  0.157E+19
  0.678E+13  0.332E-13  0.156E-13  0.157E+19
  0.107E+14  0.168E-13  0.489E-14  0.157E+19
  0.170E+14  0.396E-14  0.147E-14  0.157E+19
  0.269E+14  0.610E-15  0.452E-15  0.157E+19
  0.426E+14  0.155E-15  0.141E-15  0.157E+19
  0.674E+14  0.454E-16  0.438E-16  0.157E+19
  0.106E+15  0.138E-16  0.136E-16  0.157E+19
  0.167E+15  0.438E-17  0.436E-17  0.157E+19
  0.262E+15  0.142E-17  0.141E-17  0.157E+19
  0.408E+15  0.466E-18  0.465E-18  0.157E+19
  0.628E+15  0.157E-18  0.157E-18  0.157E+19
  0.953E+15  0.548E-19  0.548E-19  0.157E+19
  0.142E+16  0.202E-19  0.202E-19  0.157E+19
  0.204E+16  0.805E-20  0.805E-20  0.157E+19
  0.235E+16  0.574E-20  0.574E-20  0.157E+19
  0.346E+16  0.213E-20  0.213E-20  0.157E+19
  0.386E+16  0.164E-20  0.164E-20  0.157E+19
  0.493E+16  0.923E-21  0.923E-21  0.157E+19
  0.578E+16  0.623E-21  0.623E-21  0.157E+19
  0.843E+16  0.241E-21  0.241E-21  0.157E+19
  0.953E+16  0.177E-21  0.177E-21  0.157E+19
  0.119E+17  0.103E-21  0.103E-21  0.157E+19
  0.142E+17  0.659E-22  0.659E-22  0.157E+19
  0.204E+17  0.264E-22  0.264E-22  0.157E+19
  0.235E+17  0.186E-22  0.186E-22  0.157E+19
  0.346E+17  0.706E-23  0.706E-23  0.157E+19
  0.386E+17  0.538E-23  0.538E-23  0.157E+19
  0.493E+17  0.291E-23  0.291E-23  0.157E+19
  0.578E+17  0.196E-23  0.196E-23  0.157E+19
  0.674E+17  0.133E-23  0.133E-23  0.157E+19
  0.843E+17  0.764E-24  0.764E-24  0.157E+19
  0.119E+18  0.326E-24  0.326E-24  0.157E+19
