 DENS, T, fainum_exp
  0.100E+11  0.250E+04  0.442E+14
 lAMBDA, n, np
  0.835E+04  0.300E+01  0.230E+02
 49
  0.000E+00  0.000E+00  0.575E-10  0.127E-09
  0.920E-04  0.396E+07  0.575E-10  0.127E-09
  0.146E-03  0.627E+07  0.575E-10  0.127E-09
  0.231E-03  0.994E+07  0.575E-10  0.127E-09
  0.366E-03  0.157E+08  0.575E-10  0.127E-09
  0.580E-03  0.250E+08  0.575E-10  0.127E-09
  0.920E-03  0.396E+08  0.575E-10  0.127E-09
  0.146E-02  0.627E+08  0.575E-10  0.127E-09
  0.231E-02  0.994E+08  0.575E-10  0.127E-09
  0.366E-02  0.157E+09  0.575E-10  0.127E-09
  0.580E-02  0.250E+09  0.575E-10  0.126E-09
  0.920E-02  0.396E+09  0.574E-10  0.125E-09
  0.146E-01  0.627E+09  0.573E-10  0.123E-09
  0.231E-01  0.994E+09  0.569E-10  0.117E-09
  0.366E-01  0.157E+10  0.558E-10  0.104E-09
  0.580E-01  0.250E+10  0.533E-10  0.779E-10
  0.919E-01  0.395E+10  0.476E-10  0.433E-10
  0.146E+00  0.626E+10  0.359E-10  0.169E-10
  0.231E+00  0.992E+10  0.182E-10  0.530E-11
  0.365E+00  0.157E+11  0.428E-11  0.160E-11
  0.578E+00  0.249E+11  0.661E-12  0.490E-12
  0.915E+00  0.394E+11  0.168E-12  0.153E-12
  0.145E+01  0.622E+11  0.492E-13  0.474E-13
  0.228E+01  0.981E+11  0.149E-13  0.147E-13
  0.359E+01  0.154E+12  0.475E-14  0.472E-14
  0.562E+01  0.242E+12  0.153E-14  0.153E-14
  0.874E+01  0.376E+12  0.504E-15  0.504E-15
  0.135E+02  0.580E+12  0.170E-15  0.170E-15
  0.204E+02  0.880E+12  0.594E-16  0.594E-16
  0.303E+02  0.131E+13  0.219E-16  0.219E-16
  0.436E+02  0.189E+13  0.872E-17  0.872E-17
  0.502E+02  0.217E+13  0.621E-17  0.621E-17
  0.737E+02  0.320E+13  0.230E-17  0.230E-17
  0.820E+02  0.356E+13  0.178E-17  0.178E-17
  0.105E+03  0.456E+13  0.999E-18  0.999E-18
  0.122E+03  0.534E+13  0.675E-18  0.675E-18
  0.177E+03  0.778E+13  0.261E-18  0.261E-18
  0.200E+03  0.880E+13  0.192E-18  0.192E-18
  0.247E+03  0.109E+14  0.111E-18  0.111E-18
  0.293E+03  0.131E+14  0.713E-19  0.713E-19
  0.417E+03  0.189E+14  0.286E-19  0.286E-19
  0.476E+03  0.217E+14  0.201E-19  0.201E-19
  0.682E+03  0.320E+14  0.764E-20  0.764E-20
  0.754E+03  0.356E+14  0.583E-20  0.583E-20
  0.940E+03  0.456E+14  0.315E-20  0.315E-20
  0.108E+04  0.534E+14  0.212E-20  0.212E-20
  0.123E+04  0.622E+14  0.145E-20  0.145E-20
  0.149E+04  0.778E+14  0.827E-21  0.827E-21
  0.195E+04  0.109E+15  0.353E-21  0.353E-21
