 DENS, T, fainum_exp
  0.100E+11  0.250E+04  0.639E+14
 lAMBDA, n, np
  0.367E+04  0.200E+01  0.260E+02

  0.000E+00  0.266E-13  0.874E-13  0.228E+19
  0.352E+11  0.266E-13  0.874E-13  0.228E+19
  0.557E+11  0.266E-13  0.874E-13  0.228E+19
  0.883E+11  0.266E-13  0.874E-13  0.228E+19
  0.140E+12  0.266E-13  0.874E-13  0.228E+19
  0.222E+12  0.266E-13  0.873E-13  0.228E+19
  0.352E+12  0.266E-13  0.871E-13  0.228E+19
  0.557E+12  0.266E-13  0.865E-13  0.228E+19
  0.883E+12  0.266E-13  0.852E-13  0.228E+19
  0.140E+13  0.265E-13  0.820E-13  0.228E+19
  0.222E+13  0.263E-13  0.742E-13  0.228E+19
  0.352E+13  0.259E-13  0.576E-13  0.228E+19
  0.557E+13  0.247E-13  0.328E-13  0.228E+19
  0.883E+13  0.221E-13  0.125E-13  0.228E+19
  0.140E+14  0.168E-13  0.382E-14  0.228E+19
  0.222E+14  0.853E-14  0.113E-14  0.228E+19
  0.351E+14  0.177E-14  0.344E-15  0.228E+19
  0.556E+14  0.164E-15  0.106E-15  0.228E+19
  0.881E+14  0.360E-16  0.317E-16  0.228E+19
  0.139E+15  0.104E-16  0.998E-17  0.228E+19
  0.221E+15  0.321E-17  0.316E-17  0.228E+19
  0.349E+15  0.101E-17  0.100E-17  0.228E+19
  0.550E+15  0.322E-18  0.321E-18  0.228E+19
  0.864E+15  0.103E-18  0.103E-18  0.228E+19
  0.135E+16  0.336E-19  0.336E-19  0.228E+19
  0.210E+16  0.111E-19  0.111E-19  0.228E+19
  0.324E+16  0.375E-20  0.375E-20  0.228E+19
  0.491E+16  0.132E-20  0.132E-20  0.228E+19
  0.727E+16  0.488E-21  0.488E-21  0.228E+19
  0.104E+17  0.196E-21  0.196E-21  0.228E+19
  0.121E+17  0.138E-21  0.138E-21  0.228E+19
  0.177E+17  0.558E-22  0.558E-22  0.228E+19
  0.199E+17  0.416E-22  0.416E-22  0.228E+19
  0.252E+17  0.227E-22  0.227E-22  0.228E+19
  0.297E+17  0.150E-22  0.150E-22  0.228E+19
  0.431E+17  0.590E-23  0.590E-23  0.228E+19
  0.491E+17  0.427E-23  0.427E-23  0.228E+19
  0.603E+17  0.255E-23  0.255E-23  0.228E+19
  0.727E+17  0.160E-23  0.160E-23  0.228E+19
  0.104E+18  0.647E-24  0.647E-24  0.228E+19
  0.121E+18  0.449E-24  0.449E-24  0.228E+19
  0.144E+18  0.289E-24  0.289E-24  0.228E+19
  0.177E+18  0.172E-24  0.172E-24  0.228E+19
  0.252E+18  0.717E-25  0.717E-25  0.228E+19
  0.342E+18  0.333E-25  0.333E-25  0.228E+19
