 DENS, T, fainum_exp
  0.100E+11  0.250E+04  0.639E+14
 lAMBDA, n, np
  0.367E+04  0.200E+01  0.260E+02
 45
  0.000E+00  0.000E+00  0.288E-10  0.946E-10
  0.146E-03  0.325E+08  0.288E-10  0.946E-10
  0.231E-03  0.514E+08  0.288E-10  0.946E-10
  0.366E-03  0.815E+08  0.288E-10  0.946E-10
  0.580E-03  0.129E+09  0.288E-10  0.946E-10
  0.920E-03  0.205E+09  0.288E-10  0.946E-10
  0.146E-02  0.325E+09  0.288E-10  0.943E-10
  0.231E-02  0.514E+09  0.288E-10  0.937E-10
  0.366E-02  0.815E+09  0.288E-10  0.923E-10
  0.580E-02  0.129E+10  0.287E-10  0.888E-10
  0.920E-02  0.205E+10  0.285E-10  0.803E-10
  0.146E-01  0.325E+10  0.280E-10  0.624E-10
  0.231E-01  0.514E+10  0.268E-10  0.355E-10
  0.366E-01  0.815E+10  0.240E-10  0.136E-10
  0.580E-01  0.129E+11  0.182E-10  0.414E-11
  0.919E-01  0.205E+11  0.924E-11  0.123E-11
  0.146E+00  0.324E+11  0.192E-11  0.372E-12
  0.231E+00  0.514E+11  0.177E-12  0.115E-12
  0.365E+00  0.814E+11  0.389E-13  0.344E-13
  0.578E+00  0.129E+12  0.113E-13  0.108E-13
  0.914E+00  0.204E+12  0.348E-14  0.342E-14
  0.144E+01  0.322E+12  0.109E-14  0.109E-14
  0.228E+01  0.508E+12  0.348E-15  0.347E-15
  0.358E+01  0.798E+12  0.112E-15  0.112E-15
  0.560E+01  0.125E+13  0.364E-16  0.363E-16
  0.870E+01  0.194E+13  0.120E-16  0.120E-16
  0.134E+02  0.299E+13  0.406E-17  0.406E-17
  0.202E+02  0.453E+13  0.143E-17  0.143E-17
  0.299E+02  0.671E+13  0.528E-18  0.528E-18
  0.428E+02  0.964E+13  0.212E-18  0.212E-18
  0.494E+02  0.112E+14  0.149E-18  0.149E-18
  0.721E+02  0.164E+14  0.605E-19  0.605E-19
  0.806E+02  0.183E+14  0.451E-19  0.451E-19
  0.101E+03  0.232E+14  0.246E-19  0.246E-19
  0.119E+03  0.274E+14  0.162E-19  0.162E-19
  0.170E+03  0.398E+14  0.639E-20  0.639E-20
  0.193E+03  0.453E+14  0.463E-20  0.463E-20
  0.234E+03  0.557E+14  0.276E-20  0.276E-20
  0.278E+03  0.671E+14  0.173E-20  0.173E-20
  0.387E+03  0.964E+14  0.701E-21  0.701E-21
  0.441E+03  0.112E+15  0.486E-21  0.486E-21
  0.513E+03  0.133E+15  0.313E-21  0.313E-21
  0.612E+03  0.164E+15  0.186E-21  0.186E-21
  0.812E+03  0.232E+15  0.777E-22  0.777E-22
  0.102E+04  0.316E+15  0.361E-22  0.361E-22
