 DENS, T, fainum_exp
  0.100E+11  0.250E+04  0.798E+14
 lAMBDA, n, np
  0.830E+04  0.300E+01  0.280E+02
 47
  0.000E+00  0.000E+00  0.491E-10  0.794E-10
  0.146E-03  0.634E+07  0.491E-10  0.794E-10
  0.231E-03  0.100E+08  0.491E-10  0.794E-10
  0.366E-03  0.159E+08  0.491E-10  0.794E-10
  0.580E-03  0.252E+08  0.491E-10  0.794E-10
  0.920E-03  0.400E+08  0.491E-10  0.794E-10
  0.146E-02  0.634E+08  0.491E-10  0.794E-10
  0.231E-02  0.100E+09  0.491E-10  0.794E-10
  0.366E-02  0.159E+09  0.491E-10  0.794E-10
  0.580E-02  0.252E+09  0.491E-10  0.793E-10
  0.920E-02  0.400E+09  0.491E-10  0.790E-10
  0.146E-01  0.634E+09  0.489E-10  0.785E-10
  0.231E-01  0.100E+10  0.487E-10  0.772E-10
  0.366E-01  0.159E+10  0.479E-10  0.738E-10
  0.580E-01  0.252E+10  0.462E-10  0.658E-10
  0.919E-01  0.400E+10  0.422E-10  0.495E-10
  0.146E+00  0.634E+10  0.338E-10  0.270E-10
  0.231E+00  0.100E+11  0.198E-10  0.102E-10
  0.366E+00  0.159E+11  0.636E-11  0.312E-11
  0.579E+00  0.252E+11  0.124E-11  0.922E-12
  0.917E+00  0.399E+11  0.306E-12  0.278E-12
  0.145E+01  0.632E+11  0.874E-13  0.843E-13
  0.230E+01  0.999E+11  0.261E-13  0.257E-13
  0.362E+01  0.158E+12  0.816E-14  0.812E-14
  0.571E+01  0.249E+12  0.260E-14  0.259E-14
  0.897E+01  0.391E+12  0.835E-15  0.834E-15
  0.140E+02  0.611E+12  0.272E-15  0.272E-15
  0.217E+02  0.948E+12  0.902E-16  0.902E-16
  0.333E+02  0.145E+13  0.308E-16  0.308E-16
  0.501E+02  0.219E+13  0.109E-16  0.109E-16
  0.736E+02  0.323E+13  0.406E-17  0.406E-17
  0.820E+02  0.360E+13  0.312E-17  0.312E-17
  0.104E+03  0.460E+13  0.176E-17  0.176E-17
  0.122E+03  0.539E+13  0.119E-17  0.119E-17
  0.177E+03  0.786E+13  0.461E-18  0.461E-18
  0.200E+03  0.890E+13  0.338E-18  0.338E-18
  0.246E+03  0.110E+14  0.197E-18  0.197E-18
  0.293E+03  0.132E+14  0.126E-18  0.126E-18
  0.416E+03  0.191E+14  0.504E-19  0.504E-19
  0.475E+03  0.219E+14  0.354E-19  0.354E-19
  0.681E+03  0.323E+14  0.135E-19  0.135E-19
  0.753E+03  0.360E+14  0.103E-19  0.103E-19
  0.938E+03  0.460E+14  0.556E-20  0.556E-20
  0.108E+04  0.539E+14  0.374E-20  0.374E-20
  0.123E+04  0.628E+14  0.255E-20  0.255E-20
  0.148E+04  0.786E+14  0.146E-20  0.146E-20
  0.194E+04  0.110E+15  0.622E-21  0.622E-21
