 DENS, T, fainum_exp
  0.100E+11  0.250E+04  0.798E+14
 lAMBDA, n, np
  0.830E+04  0.300E+01  0.280E+02

  0.000E+00  0.454E-13  0.733E-13  0.284E+19
  0.687E+10  0.454E-13  0.733E-13  0.284E+19
  0.109E+11  0.454E-13  0.733E-13  0.284E+19
  0.172E+11  0.454E-13  0.733E-13  0.284E+19
  0.273E+11  0.454E-13  0.733E-13  0.284E+19
  0.433E+11  0.454E-13  0.733E-13  0.284E+19
  0.687E+11  0.454E-13  0.733E-13  0.284E+19
  0.109E+12  0.454E-13  0.733E-13  0.284E+19
  0.172E+12  0.454E-13  0.733E-13  0.284E+19
  0.273E+12  0.453E-13  0.732E-13  0.284E+19
  0.433E+12  0.453E-13  0.730E-13  0.284E+19
  0.687E+12  0.452E-13  0.725E-13  0.284E+19
  0.109E+13  0.449E-13  0.713E-13  0.284E+19
  0.172E+13  0.443E-13  0.682E-13  0.284E+19
  0.273E+13  0.427E-13  0.608E-13  0.284E+19
  0.433E+13  0.390E-13  0.457E-13  0.284E+19
  0.686E+13  0.312E-13  0.249E-13  0.284E+19
  0.109E+14  0.183E-13  0.943E-14  0.284E+19
  0.172E+14  0.588E-14  0.288E-14  0.284E+19
  0.273E+14  0.115E-14  0.852E-15  0.284E+19
  0.432E+14  0.283E-15  0.257E-15  0.284E+19
  0.684E+14  0.807E-16  0.779E-16  0.284E+19
  0.108E+15  0.241E-16  0.238E-16  0.284E+19
  0.171E+15  0.754E-17  0.750E-17  0.284E+19
  0.269E+15  0.240E-17  0.239E-17  0.284E+19
  0.423E+15  0.771E-18  0.770E-18  0.284E+19
  0.662E+15  0.251E-18  0.251E-18  0.284E+19
  0.103E+16  0.833E-19  0.833E-19  0.284E+19
  0.158E+16  0.284E-19  0.284E-19  0.284E+19
  0.238E+16  0.101E-19  0.101E-19  0.284E+19
  0.350E+16  0.374E-20  0.374E-20  0.284E+19
  0.390E+16  0.288E-20  0.288E-20  0.284E+19
  0.498E+16  0.163E-20  0.163E-20  0.284E+19
  0.584E+16  0.110E-20  0.110E-20  0.284E+19
  0.851E+16  0.426E-21  0.426E-21  0.284E+19
  0.964E+16  0.312E-21  0.312E-21  0.284E+19
  0.120E+17  0.182E-21  0.182E-21  0.284E+19
  0.143E+17  0.116E-21  0.116E-21  0.284E+19
  0.206E+17  0.465E-22  0.465E-22  0.284E+19
  0.238E+17  0.327E-22  0.327E-22  0.284E+19
  0.350E+17  0.124E-22  0.124E-22  0.284E+19
  0.390E+17  0.947E-23  0.947E-23  0.284E+19
  0.498E+17  0.514E-23  0.514E-23  0.284E+19
  0.584E+17  0.345E-23  0.345E-23  0.284E+19
  0.680E+17  0.236E-23  0.236E-23  0.284E+19
  0.851E+17  0.135E-23  0.135E-23  0.284E+19
  0.120E+18  0.574E-24  0.574E-24  0.284E+19
