 DENS, T, fainum_exp
  0.100E+11  0.250E+04  0.122E+14
 lAMBDA, n, np
  0.371E+04  0.200E+01  0.150E+02

  0.000E+00  0.293E-13  0.324E-12  0.435E+18
  0.544E+10  0.293E-13  0.324E-12  0.435E+18
  0.862E+10  0.293E-13  0.324E-12  0.435E+18
  0.137E+11  0.293E-13  0.324E-12  0.435E+18
  0.217E+11  0.293E-13  0.324E-12  0.435E+18
  0.343E+11  0.293E-13  0.324E-12  0.435E+18
  0.544E+11  0.293E-13  0.324E-12  0.435E+18
  0.862E+11  0.293E-13  0.323E-12  0.435E+18
  0.137E+12  0.293E-13  0.321E-12  0.435E+18
  0.217E+12  0.293E-13  0.316E-12  0.435E+18
  0.343E+12  0.293E-13  0.303E-12  0.435E+18
  0.544E+12  0.293E-13  0.276E-12  0.435E+18
  0.862E+12  0.293E-13  0.221E-12  0.435E+18
  0.137E+13  0.292E-13  0.137E-12  0.435E+18
  0.216E+13  0.289E-13  0.593E-13  0.435E+18
  0.343E+13  0.284E-13  0.197E-13  0.435E+18
  0.542E+13  0.270E-13  0.608E-14  0.435E+18
  0.858E+13  0.239E-13  0.190E-14  0.435E+18
  0.136E+14  0.177E-13  0.608E-15  0.435E+18
  0.214E+14  0.832E-14  0.194E-15  0.435E+18
  0.337E+14  0.131E-14  0.640E-16  0.435E+18
  0.529E+14  0.402E-16  0.212E-16  0.435E+18
  0.824E+14  0.806E-17  0.708E-17  0.435E+18
  0.127E+15  0.247E-17  0.235E-17  0.435E+18
  0.194E+15  0.826E-18  0.810E-18  0.435E+18
  0.290E+15  0.296E-18  0.294E-18  0.435E+18
  0.422E+15  0.115E-18  0.114E-18  0.435E+18
  0.480E+15  0.845E-19  0.842E-19  0.435E+18
  0.711E+15  0.312E-19  0.312E-19  0.435E+18
  0.102E+16  0.125E-19  0.125E-19  0.435E+18
  0.118E+16  0.881E-20  0.881E-20  0.435E+18
  0.174E+16  0.334E-20  0.334E-20  0.435E+18
  0.194E+16  0.256E-20  0.256E-20  0.435E+18
  0.246E+16  0.139E-20  0.139E-20  0.435E+18
  0.290E+16  0.928E-21  0.928E-21  0.435E+18
  0.422E+16  0.361E-21  0.361E-21  0.435E+18
  0.480E+16  0.266E-21  0.266E-21  0.435E+18
  0.711E+16  0.984E-22  0.984E-22  0.435E+18
  0.102E+17  0.394E-22  0.394E-22  0.435E+18
  0.118E+17  0.278E-22  0.278E-22  0.435E+18
  0.174E+17  0.113E-22  0.113E-22  0.435E+18
  0.194E+17  0.841E-23  0.841E-23  0.435E+18
  0.246E+17  0.456E-23  0.456E-23  0.435E+18
  0.290E+17  0.303E-23  0.303E-23  0.435E+18
  0.422E+17  0.119E-23  0.119E-23  0.435E+18
  0.480E+17  0.863E-24  0.863E-24  0.435E+18
  0.591E+17  0.511E-24  0.511E-24  0.435E+18
  0.711E+17  0.322E-24  0.322E-24  0.435E+18
  0.102E+18  0.130E-24  0.130E-24  0.435E+18
  0.118E+18  0.906E-25  0.906E-25  0.435E+18
  0.141E+18  0.580E-25  0.580E-25  0.435E+18
  0.174E+18  0.346E-25  0.346E-25  0.435E+18
  0.246E+18  0.144E-25  0.144E-25  0.435E+18
  0.335E+18  0.668E-26  0.668E-26  0.435E+18
