 DENS, T, fainum_exp
  0.100E+11  0.250E+04  0.122E+14
 lAMBDA, n, np
  0.371E+04  0.200E+01  0.150E+02
 54
  0.000E+00  0.000E+00  0.317E-10  0.351E-09
  0.231E-04  0.502E+07  0.317E-10  0.351E-09
  0.366E-04  0.796E+07  0.317E-10  0.351E-09
  0.580E-04  0.126E+08  0.317E-10  0.351E-09
  0.920E-04  0.200E+08  0.317E-10  0.351E-09
  0.146E-03  0.317E+08  0.317E-10  0.351E-09
  0.231E-03  0.502E+08  0.317E-10  0.351E-09
  0.366E-03  0.796E+08  0.317E-10  0.350E-09
  0.580E-03  0.126E+09  0.317E-10  0.347E-09
  0.920E-03  0.200E+09  0.317E-10  0.342E-09
  0.146E-02  0.317E+09  0.317E-10  0.329E-09
  0.231E-02  0.502E+09  0.317E-10  0.299E-09
  0.366E-02  0.796E+09  0.317E-10  0.239E-09
  0.580E-02  0.126E+10  0.316E-10  0.148E-09
  0.919E-02  0.200E+10  0.313E-10  0.642E-10
  0.145E-01  0.316E+10  0.307E-10  0.214E-10
  0.230E-01  0.501E+10  0.293E-10  0.659E-11
  0.364E-01  0.792E+10  0.259E-10  0.206E-11
  0.576E-01  0.125E+11  0.191E-10  0.659E-12
  0.909E-01  0.198E+11  0.901E-11  0.211E-12
  0.143E+00  0.311E+11  0.141E-11  0.693E-13
  0.224E+00  0.488E+11  0.435E-13  0.230E-13
  0.350E+00  0.761E+11  0.873E-14  0.766E-14
  0.541E+00  0.118E+12  0.267E-14  0.254E-14
  0.825E+00  0.179E+12  0.895E-15  0.877E-15
  0.123E+01  0.268E+12  0.321E-15  0.318E-15
  0.179E+01  0.390E+12  0.124E-15  0.124E-15
  0.204E+01  0.443E+12  0.915E-16  0.912E-16
  0.302E+01  0.656E+12  0.338E-16  0.338E-16
  0.433E+01  0.944E+12  0.136E-16  0.136E-16
  0.501E+01  0.109E+13  0.955E-17  0.954E-17
  0.735E+01  0.160E+13  0.362E-17  0.362E-17
  0.823E+01  0.179E+13  0.277E-17  0.277E-17
  0.104E+02  0.228E+13  0.151E-17  0.151E-17
  0.123E+02  0.268E+13  0.101E-17  0.101E-17
  0.178E+02  0.390E+13  0.391E-18  0.391E-18
  0.203E+02  0.443E+13  0.288E-18  0.288E-18
  0.299E+02  0.657E+13  0.107E-18  0.107E-18
  0.429E+02  0.944E+13  0.427E-19  0.427E-19
  0.495E+02  0.109E+14  0.301E-19  0.301E-19
  0.723E+02  0.160E+14  0.122E-19  0.122E-19
  0.807E+02  0.179E+14  0.911E-20  0.911E-20
  0.102E+03  0.228E+14  0.494E-20  0.494E-20
  0.119E+03  0.268E+14  0.328E-20  0.328E-20
  0.171E+03  0.390E+14  0.129E-20  0.129E-20
  0.193E+03  0.443E+14  0.934E-21  0.934E-21
  0.235E+03  0.546E+14  0.554E-21  0.554E-21
  0.279E+03  0.657E+14  0.349E-21  0.349E-21
  0.389E+03  0.944E+14  0.141E-21  0.141E-21
  0.442E+03  0.109E+15  0.981E-22  0.981E-22
  0.516E+03  0.130E+15  0.628E-22  0.628E-22
  0.615E+03  0.160E+15  0.375E-22  0.375E-22
  0.816E+03  0.228E+15  0.156E-22  0.156E-22
  0.103E+04  0.310E+15  0.723E-23  0.723E-23
