 DENS, T, fainum_exp
  0.100E+11  0.250E+04  0.217E+12
 lAMBDA, n, np
  0.128E+05  0.300E+01  0.500E+01

  0.000E+00  0.104E-12  0.126E-10  0.775E+16
  0.115E+10  0.104E-12  0.126E-10  0.775E+16
  0.182E+10  0.104E-12  0.126E-10  0.775E+16
  0.288E+10  0.104E-12  0.125E-10  0.775E+16
  0.456E+10  0.104E-12  0.122E-10  0.775E+16
  0.681E+10  0.104E-12  0.118E-10  0.775E+16
  0.104E+11  0.104E-12  0.109E-10  0.775E+16
  0.157E+11  0.104E-12  0.932E-11  0.775E+16
  0.231E+11  0.104E-12  0.714E-11  0.775E+16
  0.258E+11  0.104E-12  0.646E-11  0.775E+16
  0.329E+11  0.104E-12  0.492E-11  0.775E+16
  0.386E+11  0.104E-12  0.398E-11  0.775E+16
  0.562E+11  0.104E-12  0.221E-11  0.775E+16
  0.934E+11  0.104E-12  0.860E-12  0.775E+16
  0.135E+12  0.104E-12  0.405E-12  0.775E+16
  0.157E+12  0.104E-12  0.293E-12  0.775E+16
  0.369E+12  0.103E-12  0.435E-13  0.775E+16
  0.934E+12  0.101E-12  0.502E-14  0.775E+16
  0.135E+13  0.975E-13  0.210E-14  0.775E+16
  0.157E+13  0.954E-13  0.146E-14  0.775E+16
  0.369E+13  0.647E-13  0.176E-15  0.775E+16
  0.934E+13  0.299E-14  0.186E-16  0.775E+16
  0.135E+14  0.255E-16  0.769E-17  0.775E+16
  0.157E+14  0.112E-16  0.534E-17  0.775E+16
  0.369E+14  0.712E-18  0.682E-18  0.775E+16
  0.934E+14  0.743E-19  0.738E-19  0.775E+16
  0.135E+15  0.307E-19  0.306E-19  0.775E+16
  0.157E+15  0.213E-19  0.213E-19  0.775E+16
  0.369E+15  0.269E-20  0.269E-20  0.775E+16
  0.934E+15  0.279E-21  0.279E-21  0.775E+16
  0.135E+16  0.111E-21  0.111E-21  0.775E+16
  0.157E+16  0.761E-22  0.761E-22  0.775E+16
  0.369E+16  0.935E-23  0.935E-23  0.775E+16
  0.562E+16  0.327E-23  0.327E-23  0.775E+16
  0.934E+16  0.919E-24  0.919E-24  0.775E+16
  0.135E+17  0.368E-24  0.368E-24  0.775E+16
  0.157E+17  0.250E-24  0.250E-24  0.775E+16
  0.188E+17  0.159E-24  0.159E-24  0.775E+16
  0.231E+17  0.954E-25  0.954E-25  0.775E+16
  0.329E+17  0.396E-25  0.396E-25  0.775E+16
  0.386E+17  0.264E-25  0.264E-25  0.775E+16
