 DENS, T, fainum_exp
  0.100E+11  0.250E+04  0.217E+12
 lAMBDA, n, np
  0.128E+05  0.300E+01  0.500E+01
 41
  0.000E+00  0.000E+00  0.112E-09  0.137E-07
  0.580E-04  0.106E+07  0.112E-09  0.136E-07
  0.920E-04  0.168E+07  0.112E-09  0.136E-07
  0.146E-03  0.266E+07  0.112E-09  0.135E-07
  0.231E-03  0.421E+07  0.112E-09  0.133E-07
  0.345E-03  0.629E+07  0.112E-09  0.128E-07
  0.529E-03  0.964E+07  0.112E-09  0.118E-07
  0.796E-03  0.145E+08  0.112E-09  0.101E-07
  0.117E-02  0.213E+08  0.112E-09  0.773E-08
  0.131E-02  0.239E+08  0.112E-09  0.699E-08
  0.166E-02  0.303E+08  0.112E-09  0.533E-08
  0.196E-02  0.357E+08  0.112E-09  0.431E-08
  0.285E-02  0.519E+08  0.112E-09  0.239E-08
  0.473E-02  0.862E+08  0.112E-09  0.931E-09
  0.682E-02  0.124E+09  0.112E-09  0.438E-09
  0.796E-02  0.145E+09  0.112E-09  0.317E-09
  0.187E-01  0.341E+09  0.112E-09  0.471E-10
  0.473E-01  0.862E+09  0.109E-09  0.543E-11
  0.682E-01  0.124E+10  0.106E-09  0.228E-11
  0.796E-01  0.145E+10  0.103E-09  0.158E-11
  0.187E+00  0.341E+10  0.701E-10  0.191E-12
  0.473E+00  0.862E+10  0.324E-11  0.202E-13
  0.682E+00  0.124E+11  0.276E-13  0.832E-14
  0.796E+00  0.145E+11  0.121E-13  0.578E-14
  0.187E+01  0.341E+11  0.771E-15  0.738E-15
  0.473E+01  0.862E+11  0.804E-16  0.799E-16
  0.681E+01  0.124E+12  0.332E-16  0.331E-16
  0.796E+01  0.145E+12  0.231E-16  0.230E-16
  0.187E+02  0.341E+12  0.291E-17  0.291E-17
  0.471E+02  0.862E+12  0.303E-18  0.303E-18
  0.678E+02  0.124E+13  0.121E-18  0.121E-18
  0.792E+02  0.145E+13  0.824E-19  0.824E-19
  0.184E+03  0.341E+13  0.101E-19  0.101E-19
  0.279E+03  0.519E+13  0.354E-20  0.354E-20
  0.456E+03  0.862E+13  0.996E-21  0.996E-21
  0.647E+03  0.124E+14  0.399E-21  0.399E-21
  0.750E+03  0.145E+14  0.270E-21  0.270E-21
  0.888E+03  0.174E+14  0.172E-21  0.172E-21
  0.107E+04  0.213E+14  0.103E-21  0.103E-21
  0.147E+04  0.303E+14  0.429E-22  0.429E-22
  0.170E+04  0.357E+14  0.286E-22  0.286E-22
