 DENS, T, fainum_exp
  0.100E+11  0.250E+04  0.386E+14
 lAMBDA, n, np
  0.368E+04  0.200E+01  0.220E+02

  0.000E+00  0.278E-13  0.130E-12  0.138E+19
  0.221E+11  0.278E-13  0.130E-12  0.138E+19
  0.350E+11  0.278E-13  0.130E-12  0.138E+19
  0.554E+11  0.278E-13  0.130E-12  0.138E+19
  0.879E+11  0.278E-13  0.130E-12  0.138E+19
  0.139E+12  0.278E-13  0.130E-12  0.138E+19
  0.221E+12  0.278E-13  0.130E-12  0.138E+19
  0.350E+12  0.278E-13  0.129E-12  0.138E+19
  0.554E+12  0.278E-13  0.127E-12  0.138E+19
  0.879E+12  0.278E-13  0.122E-12  0.138E+19
  0.139E+13  0.277E-13  0.112E-12  0.138E+19
  0.221E+13  0.275E-13  0.889E-13  0.138E+19
  0.350E+13  0.270E-13  0.538E-13  0.138E+19
  0.554E+13  0.257E-13  0.222E-13  0.138E+19
  0.878E+13  0.229E-13  0.704E-14  0.138E+19
  0.139E+14  0.171E-13  0.212E-14  0.138E+19
  0.220E+14  0.830E-14  0.651E-15  0.138E+19
  0.349E+14  0.150E-14  0.203E-15  0.138E+19
  0.551E+14  0.101E-15  0.632E-16  0.138E+19
  0.870E+14  0.222E-16  0.196E-16  0.138E+19
  0.137E+15  0.654E-17  0.627E-17  0.138E+19
  0.215E+15  0.205E-17  0.202E-17  0.138E+19
  0.337E+15  0.663E-18  0.658E-18  0.138E+19
  0.522E+15  0.220E-18  0.219E-18  0.138E+19
  0.799E+15  0.749E-19  0.748E-19  0.138E+19
  0.120E+16  0.267E-19  0.267E-19  0.138E+19
  0.177E+16  0.101E-19  0.101E-19  0.138E+19
  0.198E+16  0.775E-20  0.774E-20  0.138E+19
  0.251E+16  0.423E-20  0.423E-20  0.138E+19
  0.295E+16  0.281E-20  0.281E-20  0.138E+19
  0.429E+16  0.110E-20  0.110E-20  0.138E+19
  0.488E+16  0.805E-21  0.805E-21  0.138E+19
  0.724E+16  0.298E-21  0.298E-21  0.138E+19
  0.104E+17  0.120E-21  0.120E-21  0.138E+19
  0.120E+17  0.841E-22  0.841E-22  0.138E+19
  0.177E+17  0.341E-22  0.341E-22  0.138E+19
  0.198E+17  0.255E-22  0.255E-22  0.138E+19
  0.251E+17  0.139E-22  0.139E-22  0.138E+19
  0.295E+17  0.918E-23  0.918E-23  0.138E+19
  0.429E+17  0.361E-23  0.361E-23  0.138E+19
  0.488E+17  0.261E-23  0.261E-23  0.138E+19
  0.601E+17  0.156E-23  0.156E-23  0.138E+19
  0.724E+17  0.978E-24  0.978E-24  0.138E+19
  0.104E+18  0.396E-24  0.396E-24  0.138E+19
  0.120E+18  0.274E-24  0.274E-24  0.138E+19
  0.143E+18  0.177E-24  0.177E-24  0.138E+19
  0.177E+18  0.105E-24  0.105E-24  0.138E+19
  0.251E+18  0.439E-25  0.439E-25  0.138E+19
  0.340E+18  0.204E-25  0.204E-25  0.138E+19
