 DENS, T, fainum_exp
  0.100E+11  0.250E+04  0.386E+14
 lAMBDA, n, np
  0.368E+04  0.200E+01  0.220E+02
 49
  0.000E+00  0.000E+00  0.301E-10  0.141E-09
  0.920E-04  0.204E+08  0.301E-10  0.141E-09
  0.146E-03  0.323E+08  0.301E-10  0.141E-09
  0.231E-03  0.512E+08  0.301E-10  0.141E-09
  0.366E-03  0.812E+08  0.301E-10  0.141E-09
  0.580E-03  0.129E+09  0.301E-10  0.141E-09
  0.920E-03  0.204E+09  0.301E-10  0.141E-09
  0.146E-02  0.323E+09  0.301E-10  0.140E-09
  0.231E-02  0.512E+09  0.301E-10  0.138E-09
  0.366E-02  0.811E+09  0.301E-10  0.133E-09
  0.580E-02  0.129E+10  0.300E-10  0.121E-09
  0.919E-02  0.204E+10  0.298E-10  0.963E-10
  0.146E-01  0.323E+10  0.292E-10  0.583E-10
  0.231E-01  0.512E+10  0.279E-10  0.240E-10
  0.366E-01  0.811E+10  0.248E-10  0.763E-11
  0.579E-01  0.128E+11  0.185E-10  0.230E-11
  0.917E-01  0.203E+11  0.898E-11  0.705E-12
  0.145E+00  0.322E+11  0.162E-11  0.220E-12
  0.230E+00  0.509E+11  0.109E-12  0.684E-13
  0.362E+00  0.804E+11  0.240E-13  0.213E-13
  0.571E+00  0.127E+12  0.708E-14  0.679E-14
  0.897E+00  0.199E+12  0.222E-14  0.218E-14
  0.140E+01  0.311E+12  0.718E-15  0.713E-15
  0.217E+01  0.482E+12  0.238E-15  0.237E-15
  0.333E+01  0.738E+12  0.811E-16  0.810E-16
  0.500E+01  0.111E+13  0.289E-16  0.289E-16
  0.734E+01  0.163E+13  0.110E-16  0.110E-16
  0.822E+01  0.183E+13  0.839E-17  0.839E-17
  0.104E+02  0.231E+13  0.458E-17  0.458E-17
  0.123E+02  0.273E+13  0.305E-17  0.305E-17
  0.178E+02  0.396E+13  0.119E-17  0.119E-17
  0.202E+02  0.451E+13  0.872E-18  0.872E-18
  0.299E+02  0.668E+13  0.323E-18  0.323E-18
  0.428E+02  0.960E+13  0.130E-18  0.130E-18
  0.494E+02  0.111E+14  0.911E-19  0.911E-19
  0.721E+02  0.163E+14  0.370E-19  0.370E-19
  0.806E+02  0.183E+14  0.276E-19  0.276E-19
  0.101E+03  0.231E+14  0.150E-19  0.150E-19
  0.119E+03  0.273E+14  0.994E-20  0.994E-20
  0.171E+03  0.396E+14  0.391E-20  0.391E-20
  0.193E+03  0.451E+14  0.283E-20  0.283E-20
  0.234E+03  0.555E+14  0.169E-20  0.169E-20
  0.279E+03  0.668E+14  0.106E-20  0.106E-20
  0.387E+03  0.960E+14  0.428E-21  0.428E-21
  0.441E+03  0.111E+15  0.297E-21  0.297E-21
  0.514E+03  0.132E+15  0.191E-21  0.191E-21
  0.613E+03  0.163E+15  0.114E-21  0.114E-21
  0.813E+03  0.231E+15  0.475E-22  0.475E-22
  0.102E+04  0.314E+15  0.221E-22  0.221E-22
