 DENS, T, fainum_exp
  0.100E+11  0.250E+04  0.502E+14
 lAMBDA, n, np
  0.913E+03  0.100E+01  0.240E+02
 31
  0.000E+00  0.000E+00  0.792E-11  0.115E-09
  0.231E-04  0.830E+08  0.792E-11  0.115E-09
  0.366E-04  0.132E+09  0.792E-11  0.114E-09
  0.580E-04  0.209E+09  0.792E-11  0.114E-09
  0.920E-04  0.330E+09  0.792E-11  0.114E-09
  0.146E-03  0.524E+09  0.792E-11  0.113E-09
  0.231E-03  0.830E+09  0.792E-11  0.110E-09
  0.366E-03  0.132E+10  0.792E-11  0.103E-09
  0.580E-03  0.209E+10  0.792E-11  0.887E-10
  0.920E-03  0.330E+10  0.790E-11  0.613E-10
  0.146E-02  0.524E+10  0.788E-11  0.293E-10
  0.231E-02  0.830E+10  0.782E-11  0.988E-11
  0.366E-02  0.132E+11  0.766E-11  0.295E-11
  0.580E-02  0.208E+11  0.727E-11  0.888E-12
  0.919E-02  0.330E+11  0.638E-11  0.273E-12
  0.146E-01  0.523E+11  0.461E-11  0.849E-13
  0.231E-01  0.829E+11  0.205E-11  0.256E-13
  0.365E-01  0.131E+12  0.273E-12  0.808E-14
  0.578E-01  0.208E+12  0.511E-14  0.255E-14
  0.915E-01  0.329E+12  0.905E-15  0.809E-15
  0.145E+00  0.520E+12  0.268E-15  0.257E-15
  0.228E+00  0.820E+12  0.835E-16  0.822E-16
  0.359E+00  0.129E+13  0.265E-16  0.264E-16
  0.572E+00  0.206E+13  0.827E-17  0.824E-17
  0.899E+00  0.323E+13  0.269E-17  0.269E-17
  0.143E+01  0.516E+13  0.832E-18  0.832E-18
  0.225E+01  0.810E+13  0.269E-18  0.269E-18
  0.358E+01  0.129E+14  0.838E-19  0.838E-19
  0.569E+01  0.206E+14  0.262E-19  0.262E-19
  0.891E+01  0.323E+14  0.844E-20  0.844E-20
  0.141E+02  0.516E+14  0.263E-20  0.263E-20
