 DENS, T, fainum_exp
  0.100E+11  0.250E+04  0.502E+14
 lAMBDA, n, np
  0.913E+03  0.100E+01  0.240E+02

  0.000E+00  0.732E-14  0.106E-12  0.179E+19
  0.899E+11  0.732E-14  0.106E-12  0.179E+19
  0.142E+12  0.732E-14  0.106E-12  0.179E+19
  0.226E+12  0.732E-14  0.106E-12  0.179E+19
  0.358E+12  0.732E-14  0.105E-12  0.179E+19
  0.567E+12  0.732E-14  0.104E-12  0.179E+19
  0.899E+12  0.732E-14  0.102E-12  0.179E+19
  0.142E+13  0.731E-14  0.956E-13  0.179E+19
  0.226E+13  0.731E-14  0.819E-13  0.179E+19
  0.358E+13  0.730E-14  0.566E-13  0.179E+19
  0.567E+13  0.728E-14  0.271E-13  0.179E+19
  0.899E+13  0.722E-14  0.912E-14  0.179E+19
  0.142E+14  0.707E-14  0.273E-14  0.179E+19
  0.226E+14  0.671E-14  0.820E-15  0.179E+19
  0.358E+14  0.590E-14  0.252E-15  0.179E+19
  0.567E+14  0.426E-14  0.784E-16  0.179E+19
  0.898E+14  0.189E-14  0.237E-16  0.179E+19
  0.142E+15  0.252E-15  0.746E-17  0.179E+19
  0.225E+15  0.472E-17  0.236E-17  0.179E+19
  0.356E+15  0.836E-18  0.747E-18  0.179E+19
  0.563E+15  0.248E-18  0.238E-18  0.179E+19
  0.888E+15  0.771E-19  0.759E-19  0.179E+19
  0.140E+16  0.245E-19  0.244E-19  0.179E+19
  0.223E+16  0.763E-20  0.761E-20  0.179E+19
  0.350E+16  0.248E-20  0.248E-20  0.179E+19
  0.558E+16  0.768E-21  0.768E-21  0.179E+19
  0.877E+16  0.249E-21  0.249E-21  0.179E+19
  0.140E+17  0.773E-22  0.773E-22  0.179E+19
  0.223E+17  0.242E-22  0.242E-22  0.179E+19
  0.350E+17  0.779E-23  0.779E-23  0.179E+19
  0.558E+17  0.243E-23  0.243E-23  0.179E+19
