 DENS, T, fainum_exp
  0.100E+11  0.250E+04  0.716E+14
 lAMBDA, n, np
  0.913E+03  0.100E+01  0.270E+02

  0.000E+00  0.727E-14  0.799E-13  0.255E+19
  0.143E+12  0.727E-14  0.799E-13  0.255E+19
  0.226E+12  0.727E-14  0.798E-13  0.255E+19
  0.358E+12  0.727E-14  0.797E-13  0.255E+19
  0.568E+12  0.727E-14  0.793E-13  0.255E+19
  0.900E+12  0.727E-14  0.782E-13  0.255E+19
  0.143E+13  0.727E-14  0.757E-13  0.255E+19
  0.226E+13  0.727E-14  0.696E-13  0.255E+19
  0.358E+13  0.726E-14  0.561E-13  0.255E+19
  0.568E+13  0.723E-14  0.339E-13  0.255E+19
  0.900E+13  0.718E-14  0.136E-13  0.255E+19
  0.143E+14  0.703E-14  0.418E-14  0.255E+19
  0.226E+14  0.668E-14  0.123E-14  0.255E+19
  0.358E+14  0.587E-14  0.370E-15  0.255E+19
  0.567E+14  0.425E-14  0.113E-15  0.255E+19
  0.899E+14  0.190E-14  0.340E-16  0.255E+19
  0.142E+15  0.259E-15  0.106E-16  0.255E+19
  0.226E+15  0.617E-17  0.335E-17  0.255E+19
  0.357E+15  0.118E-17  0.106E-17  0.255E+19
  0.566E+15  0.349E-18  0.335E-18  0.255E+19
  0.895E+15  0.108E-18  0.106E-18  0.255E+19
  0.141E+16  0.341E-19  0.339E-19  0.255E+19
  0.223E+16  0.109E-19  0.108E-19  0.255E+19
  0.351E+16  0.354E-20  0.353E-20  0.255E+19
  0.559E+16  0.109E-20  0.109E-20  0.255E+19
  0.877E+16  0.354E-21  0.354E-21  0.255E+19
  0.140E+17  0.110E-21  0.110E-21  0.255E+19
  0.223E+17  0.344E-22  0.344E-22  0.255E+19
  0.351E+17  0.111E-22  0.111E-22  0.255E+19
  0.559E+17  0.346E-23  0.346E-23  0.255E+19
  0.877E+17  0.112E-23  0.112E-23  0.255E+19
