 DENS, T, fainum_exp
  0.100E+11  0.250E+04  0.716E+14
 lAMBDA, n, np
  0.913E+03  0.100E+01  0.270E+02
 31
  0.000E+00  0.000E+00  0.788E-11  0.865E-10
  0.366E-04  0.132E+09  0.788E-11  0.865E-10
  0.580E-04  0.209E+09  0.788E-11  0.865E-10
  0.920E-04  0.331E+09  0.788E-11  0.863E-10
  0.146E-03  0.524E+09  0.788E-11  0.858E-10
  0.231E-03  0.831E+09  0.788E-11  0.847E-10
  0.366E-03  0.132E+10  0.788E-11  0.820E-10
  0.580E-03  0.209E+10  0.787E-11  0.754E-10
  0.920E-03  0.331E+10  0.786E-11  0.608E-10
  0.146E-02  0.524E+10  0.783E-11  0.367E-10
  0.231E-02  0.831E+10  0.777E-11  0.147E-10
  0.366E-02  0.132E+11  0.761E-11  0.453E-11
  0.580E-02  0.209E+11  0.723E-11  0.133E-11
  0.919E-02  0.331E+11  0.636E-11  0.401E-12
  0.146E-01  0.524E+11  0.461E-11  0.123E-12
  0.231E-01  0.830E+11  0.206E-11  0.368E-13
  0.366E-01  0.132E+12  0.281E-12  0.115E-13
  0.579E-01  0.208E+12  0.668E-14  0.362E-14
  0.918E-01  0.330E+12  0.128E-14  0.115E-14
  0.145E+00  0.522E+12  0.378E-15  0.363E-15
  0.230E+00  0.826E+12  0.117E-15  0.115E-15
  0.363E+00  0.131E+13  0.369E-16  0.367E-16
  0.572E+00  0.206E+13  0.118E-16  0.117E-16
  0.899E+00  0.324E+13  0.383E-17  0.382E-17
  0.143E+01  0.516E+13  0.118E-17  0.118E-17
  0.225E+01  0.810E+13  0.383E-18  0.383E-18
  0.358E+01  0.129E+14  0.119E-18  0.119E-18
  0.569E+01  0.206E+14  0.372E-19  0.372E-19
  0.891E+01  0.324E+14  0.120E-19  0.120E-19
  0.141E+02  0.516E+14  0.374E-20  0.374E-20
  0.220E+02  0.810E+14  0.121E-20  0.121E-20
