 DENS, T, fainum_exp
  0.100E+11  0.250E+04  0.488E+12
 lAMBDA, n, np
  0.109E+05  0.300E+01  0.600E+01

  0.000E+00  0.884E-13  0.516E-11  0.174E+17
  0.157E+10  0.884E-13  0.515E-11  0.174E+17
  0.249E+10  0.884E-13  0.514E-11  0.174E+17
  0.395E+10  0.884E-13  0.513E-11  0.174E+17
  0.599E+10  0.884E-13  0.512E-11  0.174E+17
  0.926E+10  0.884E-13  0.506E-11  0.174E+17
  0.141E+11  0.884E-13  0.494E-11  0.174E+17
  0.211E+11  0.884E-13  0.471E-11  0.174E+17
  0.307E+11  0.884E-13  0.430E-11  0.174E+17
  0.349E+11  0.884E-13  0.411E-11  0.174E+17
  0.517E+11  0.884E-13  0.329E-11  0.174E+17
  0.734E+11  0.884E-13  0.237E-11  0.174E+17
  0.859E+11  0.884E-13  0.196E-11  0.174E+17
  0.201E+12  0.883E-13  0.434E-12  0.174E+17
  0.508E+12  0.878E-13  0.532E-13  0.174E+17
  0.734E+12  0.872E-13  0.221E-13  0.174E+17
  0.859E+12  0.868E-13  0.153E-13  0.174E+17
  0.201E+13  0.799E-13  0.185E-14  0.174E+17
  0.508E+13  0.459E-13  0.192E-15  0.174E+17
  0.734E+13  0.202E-13  0.788E-16  0.174E+17
  0.859E+13  0.126E-13  0.545E-16  0.174E+17
  0.126E+14  0.613E-15  0.214E-16  0.174E+17
  0.201E+14  0.112E-16  0.700E-17  0.174E+17
  0.307E+14  0.279E-17  0.254E-17  0.174E+17
  0.508E+14  0.784E-18  0.760E-18  0.174E+17
  0.734E+14  0.319E-18  0.314E-18  0.174E+17
  0.859E+14  0.220E-18  0.217E-18  0.174E+17
  0.201E+15  0.277E-19  0.277E-19  0.174E+17
  0.307E+15  0.988E-20  0.987E-20  0.174E+17
  0.508E+15  0.288E-20  0.288E-20  0.174E+17
  0.734E+15  0.115E-20  0.115E-20  0.174E+17
  0.859E+15  0.779E-21  0.779E-21  0.174E+17
  0.201E+16  0.957E-22  0.957E-22  0.174E+17
  0.307E+16  0.333E-22  0.333E-22  0.174E+17
  0.508E+16  0.943E-23  0.943E-23  0.174E+17
  0.734E+16  0.376E-23  0.376E-23  0.174E+17
  0.859E+16  0.254E-23  0.254E-23  0.174E+17
  0.126E+17  0.971E-24  0.971E-24  0.174E+17
  0.169E+17  0.465E-24  0.465E-24  0.174E+17
  0.201E+17  0.303E-24  0.303E-24  0.174E+17
  0.307E+17  0.105E-24  0.105E-24  0.174E+17
  0.430E+17  0.452E-25  0.452E-25  0.174E+17
  0.517E+17  0.286E-25  0.286E-25  0.174E+17
