 DENS, T, fainum_exp
  0.100E+11  0.250E+04  0.488E+12
 lAMBDA, n, np
  0.109E+05  0.300E+01  0.600E+01
 43
  0.000E+00  0.000E+00  0.957E-10  0.559E-08
  0.580E-04  0.145E+07  0.957E-10  0.558E-08
  0.920E-04  0.230E+07  0.957E-10  0.557E-08
  0.146E-03  0.365E+07  0.957E-10  0.556E-08
  0.221E-03  0.553E+07  0.957E-10  0.554E-08
  0.341E-03  0.855E+07  0.957E-10  0.548E-08
  0.521E-03  0.130E+08  0.957E-10  0.535E-08
  0.779E-03  0.195E+08  0.957E-10  0.510E-08
  0.113E-02  0.284E+08  0.957E-10  0.466E-08
  0.129E-02  0.322E+08  0.957E-10  0.445E-08
  0.191E-02  0.478E+08  0.957E-10  0.356E-08
  0.271E-02  0.678E+08  0.957E-10  0.256E-08
  0.317E-02  0.793E+08  0.957E-10  0.212E-08
  0.742E-02  0.186E+09  0.956E-10  0.471E-09
  0.187E-01  0.469E+09  0.951E-10  0.577E-10
  0.271E-01  0.678E+09  0.944E-10  0.239E-10
  0.317E-01  0.793E+09  0.940E-10  0.165E-10
  0.742E-01  0.186E+10  0.865E-10  0.200E-11
  0.187E+00  0.469E+10  0.497E-10  0.208E-12
  0.271E+00  0.678E+10  0.219E-10  0.854E-13
  0.317E+00  0.793E+10  0.136E-10  0.590E-13
  0.465E+00  0.117E+11  0.664E-12  0.232E-13
  0.742E+00  0.186E+11  0.121E-13  0.759E-14
  0.113E+01  0.284E+11  0.302E-14  0.275E-14
  0.187E+01  0.469E+11  0.849E-15  0.823E-15
  0.271E+01  0.678E+11  0.345E-15  0.340E-15
  0.317E+01  0.793E+11  0.238E-15  0.235E-15
  0.741E+01  0.186E+12  0.300E-16  0.300E-16
  0.113E+02  0.284E+12  0.107E-16  0.107E-16
  0.187E+02  0.469E+12  0.312E-17  0.312E-17
  0.270E+02  0.678E+12  0.124E-17  0.124E-17
  0.316E+02  0.793E+12  0.843E-18  0.843E-18
  0.737E+02  0.186E+13  0.104E-18  0.104E-18
  0.112E+03  0.284E+13  0.360E-19  0.360E-19
  0.184E+03  0.469E+13  0.102E-19  0.102E-19
  0.264E+03  0.678E+13  0.408E-20  0.408E-20
  0.308E+03  0.793E+13  0.275E-20  0.275E-20
  0.446E+03  0.117E+14  0.105E-20  0.105E-20
  0.591E+03  0.156E+14  0.504E-21  0.504E-21
  0.695E+03  0.186E+14  0.328E-21  0.328E-21
  0.103E+04  0.284E+14  0.114E-21  0.114E-21
  0.139E+04  0.398E+14  0.490E-22  0.490E-22
  0.162E+04  0.478E+14  0.310E-22  0.310E-22
