 DENS, T, fainum_exp
  0.100E+11  0.250E+04  0.887E+14
 lAMBDA, n, np
  0.913E+03  0.100E+01  0.290E+02

  0.000E+00  0.725E-14  0.675E-13  0.316E+19
  0.143E+12  0.725E-14  0.674E-13  0.316E+19
  0.226E+12  0.725E-14  0.674E-13  0.316E+19
  0.358E+12  0.725E-14  0.673E-13  0.316E+19
  0.568E+12  0.725E-14  0.671E-13  0.316E+19
  0.900E+12  0.724E-14  0.665E-13  0.316E+19
  0.143E+13  0.724E-14  0.651E-13  0.316E+19
  0.226E+13  0.724E-14  0.615E-13  0.316E+19
  0.358E+13  0.723E-14  0.529E-13  0.316E+19
  0.568E+13  0.721E-14  0.363E-13  0.316E+19
  0.900E+13  0.715E-14  0.167E-13  0.316E+19
  0.143E+14  0.700E-14  0.543E-14  0.316E+19
  0.226E+14  0.666E-14  0.158E-14  0.316E+19
  0.358E+14  0.585E-14  0.469E-15  0.316E+19
  0.568E+14  0.425E-14  0.142E-15  0.316E+19
  0.899E+14  0.191E-14  0.423E-16  0.316E+19
  0.143E+15  0.266E-15  0.132E-16  0.316E+19
  0.226E+15  0.736E-17  0.415E-17  0.316E+19
  0.358E+15  0.146E-17  0.131E-17  0.316E+19
  0.566E+15  0.433E-18  0.415E-18  0.316E+19
  0.895E+15  0.134E-18  0.132E-18  0.316E+19
  0.141E+16  0.422E-19  0.420E-19  0.316E+19
  0.223E+16  0.134E-19  0.134E-19  0.316E+19
  0.351E+16  0.438E-20  0.437E-20  0.316E+19
  0.559E+16  0.135E-20  0.135E-20  0.316E+19
  0.878E+16  0.438E-21  0.438E-21  0.316E+19
  0.140E+17  0.136E-21  0.136E-21  0.316E+19
  0.223E+17  0.426E-22  0.426E-22  0.316E+19
  0.351E+17  0.137E-22  0.137E-22  0.316E+19
  0.559E+17  0.428E-23  0.428E-23  0.316E+19
