 DENS, T, fainum_exp
  0.100E+11  0.250E+04  0.887E+14
 lAMBDA, n, np
  0.913E+03  0.100E+01  0.290E+02
 30
  0.000E+00  0.000E+00  0.785E-11  0.731E-10
  0.366E-04  0.132E+09  0.785E-11  0.730E-10
  0.580E-04  0.209E+09  0.785E-11  0.730E-10
  0.920E-04  0.331E+09  0.785E-11  0.729E-10
  0.146E-03  0.524E+09  0.785E-11  0.726E-10
  0.231E-03  0.831E+09  0.784E-11  0.720E-10
  0.366E-03  0.132E+10  0.784E-11  0.705E-10
  0.580E-03  0.209E+10  0.784E-11  0.666E-10
  0.920E-03  0.331E+10  0.783E-11  0.573E-10
  0.146E-02  0.524E+10  0.780E-11  0.393E-10
  0.231E-02  0.831E+10  0.774E-11  0.181E-10
  0.366E-02  0.132E+11  0.758E-11  0.588E-11
  0.580E-02  0.209E+11  0.721E-11  0.172E-11
  0.919E-02  0.331E+11  0.634E-11  0.508E-12
  0.146E-01  0.524E+11  0.460E-11  0.154E-12
  0.231E-01  0.831E+11  0.206E-11  0.458E-13
  0.366E-01  0.132E+12  0.288E-12  0.143E-13
  0.579E-01  0.208E+12  0.797E-14  0.449E-14
  0.918E-01  0.330E+12  0.159E-14  0.142E-14
  0.145E+00  0.523E+12  0.468E-15  0.450E-15
  0.230E+00  0.826E+12  0.145E-15  0.143E-15
  0.363E+00  0.131E+13  0.457E-16  0.454E-16
  0.572E+00  0.206E+13  0.146E-16  0.145E-16
  0.899E+00  0.324E+13  0.474E-17  0.474E-17
  0.143E+01  0.516E+13  0.147E-17  0.147E-17
  0.225E+01  0.810E+13  0.474E-18  0.474E-18
  0.358E+01  0.129E+14  0.148E-18  0.148E-18
  0.569E+01  0.206E+14  0.461E-19  0.461E-19
  0.891E+01  0.324E+14  0.149E-19  0.149E-19
  0.141E+02  0.516E+14  0.464E-20  0.464E-20
