 DENS, T, fainum_exp
  0.100E+11  0.250E+04  0.620E+13
 lAMBDA, n, np
  0.375E+04  0.200E+01  0.120E+02

  0.000E+00  0.298E-13  0.551E-12  0.221E+18
  0.212E+10  0.298E-13  0.551E-12  0.221E+18
  0.336E+10  0.298E-13  0.551E-12  0.221E+18
  0.533E+10  0.298E-13  0.551E-12  0.221E+18
  0.845E+10  0.298E-13  0.551E-12  0.221E+18
  0.134E+11  0.298E-13  0.551E-12  0.221E+18
  0.212E+11  0.298E-13  0.550E-12  0.221E+18
  0.336E+11  0.298E-13  0.550E-12  0.221E+18
  0.533E+11  0.298E-13  0.548E-12  0.221E+18
  0.845E+11  0.298E-13  0.545E-12  0.221E+18
  0.134E+12  0.298E-13  0.534E-12  0.221E+18
  0.212E+12  0.298E-13  0.511E-12  0.221E+18
  0.336E+12  0.298E-13  0.459E-12  0.221E+18
  0.533E+12  0.298E-13  0.359E-12  0.221E+18
  0.844E+12  0.298E-13  0.214E-12  0.221E+18
  0.134E+13  0.297E-13  0.902E-13  0.221E+18
  0.212E+13  0.294E-13  0.301E-13  0.221E+18
  0.335E+13  0.289E-13  0.937E-14  0.221E+18
  0.530E+13  0.275E-13  0.283E-14  0.221E+18
  0.836E+13  0.244E-13  0.917E-15  0.221E+18
  0.132E+14  0.182E-13  0.304E-15  0.221E+18
  0.207E+14  0.874E-14  0.102E-15  0.221E+18
  0.324E+14  0.142E-14  0.345E-16  0.221E+18
  0.502E+14  0.297E-16  0.118E-16  0.221E+18
  0.769E+14  0.490E-17  0.415E-17  0.221E+18
  0.116E+15  0.159E-17  0.150E-17  0.221E+18
  0.170E+15  0.580E-18  0.566E-18  0.221E+18
  0.190E+15  0.443E-18  0.434E-18  0.221E+18
  0.242E+15  0.237E-18  0.234E-18  0.221E+18
  0.285E+15  0.158E-18  0.157E-18  0.221E+18
  0.414E+15  0.612E-19  0.609E-19  0.221E+18
  0.698E+15  0.166E-19  0.166E-19  0.221E+18
  0.100E+16  0.667E-20  0.666E-20  0.221E+18
  0.116E+16  0.470E-20  0.470E-20  0.221E+18
  0.170E+16  0.178E-20  0.178E-20  0.221E+18
  0.190E+16  0.137E-20  0.137E-20  0.221E+18
  0.242E+16  0.739E-21  0.739E-21  0.221E+18
  0.285E+16  0.495E-21  0.495E-21  0.221E+18
  0.414E+16  0.192E-21  0.192E-21  0.221E+18
  0.470E+16  0.142E-21  0.142E-21  0.221E+18
  0.698E+16  0.525E-22  0.525E-22  0.221E+18
  0.100E+17  0.210E-22  0.210E-22  0.221E+18
  0.116E+17  0.148E-22  0.148E-22  0.221E+18
  0.170E+17  0.600E-23  0.600E-23  0.221E+18
  0.190E+17  0.449E-23  0.449E-23  0.221E+18
  0.242E+17  0.242E-23  0.242E-23  0.221E+18
  0.285E+17  0.161E-23  0.161E-23  0.221E+18
  0.414E+17  0.632E-24  0.632E-24  0.221E+18
  0.470E+17  0.460E-24  0.460E-24  0.221E+18
  0.581E+17  0.271E-24  0.271E-24  0.221E+18
  0.698E+17  0.172E-24  0.172E-24  0.221E+18
  0.100E+18  0.692E-25  0.692E-25  0.221E+18
  0.116E+18  0.483E-25  0.483E-25  0.221E+18
  0.139E+18  0.308E-25  0.308E-25  0.221E+18
  0.170E+18  0.184E-25  0.184E-25  0.221E+18
  0.242E+18  0.766E-26  0.766E-26  0.221E+18
  0.330E+18  0.354E-26  0.354E-26  0.221E+18
