 DENS, T, fainum_exp
  0.100E+11  0.250E+04  0.620E+13
 lAMBDA, n, np
  0.375E+04  0.200E+01  0.120E+02
 57
  0.000E+00  0.000E+00  0.323E-10  0.597E-09
  0.920E-05  0.196E+07  0.323E-10  0.596E-09
  0.146E-04  0.310E+07  0.323E-10  0.596E-09
  0.231E-04  0.492E+07  0.323E-10  0.596E-09
  0.366E-04  0.780E+07  0.323E-10  0.596E-09
  0.580E-04  0.124E+08  0.323E-10  0.596E-09
  0.920E-04  0.196E+08  0.323E-10  0.596E-09
  0.146E-03  0.310E+08  0.323E-10  0.596E-09
  0.231E-03  0.492E+08  0.323E-10  0.594E-09
  0.366E-03  0.780E+08  0.323E-10  0.590E-09
  0.580E-03  0.124E+09  0.323E-10  0.579E-09
  0.919E-03  0.196E+09  0.323E-10  0.554E-09
  0.146E-02  0.310E+09  0.323E-10  0.497E-09
  0.231E-02  0.492E+09  0.323E-10  0.389E-09
  0.366E-02  0.779E+09  0.322E-10  0.232E-09
  0.579E-02  0.123E+10  0.321E-10  0.977E-10
  0.917E-02  0.195E+10  0.319E-10  0.326E-10
  0.145E-01  0.309E+10  0.313E-10  0.101E-10
  0.230E-01  0.489E+10  0.298E-10  0.307E-11
  0.363E-01  0.772E+10  0.265E-10  0.994E-12
  0.571E-01  0.122E+11  0.197E-10  0.329E-12
  0.898E-01  0.191E+11  0.947E-11  0.110E-12
  0.140E+00  0.299E+11  0.153E-11  0.374E-13
  0.218E+00  0.464E+11  0.321E-13  0.128E-13
  0.333E+00  0.710E+11  0.530E-14  0.449E-14
  0.502E+00  0.107E+12  0.172E-14  0.163E-14
  0.738E+00  0.157E+12  0.628E-15  0.613E-15
  0.825E+00  0.176E+12  0.480E-15  0.470E-15
  0.105E+01  0.224E+12  0.257E-15  0.254E-15
  0.123E+01  0.263E+12  0.171E-15  0.170E-15
  0.180E+01  0.383E+12  0.662E-16  0.660E-16
  0.302E+01  0.644E+12  0.180E-16  0.180E-16
  0.435E+01  0.927E+12  0.722E-17  0.722E-17
  0.502E+01  0.107E+13  0.509E-17  0.509E-17
  0.737E+01  0.157E+13  0.193E-17  0.193E-17
  0.824E+01  0.176E+13  0.148E-17  0.148E-17
  0.105E+02  0.224E+13  0.800E-18  0.800E-18
  0.123E+02  0.263E+13  0.536E-18  0.536E-18
  0.179E+02  0.383E+13  0.208E-18  0.208E-18
  0.203E+02  0.434E+13  0.154E-18  0.154E-18
  0.300E+02  0.644E+13  0.568E-19  0.568E-19
  0.430E+02  0.927E+13  0.227E-19  0.227E-19
  0.496E+02  0.107E+14  0.161E-19  0.161E-19
  0.724E+02  0.157E+14  0.650E-20  0.650E-20
  0.808E+02  0.176E+14  0.486E-20  0.486E-20
  0.102E+03  0.224E+14  0.262E-20  0.262E-20
  0.120E+03  0.263E+14  0.175E-20  0.175E-20
  0.171E+03  0.383E+14  0.685E-21  0.685E-21
  0.193E+03  0.434E+14  0.499E-21  0.499E-21
  0.236E+03  0.537E+14  0.294E-21  0.294E-21
  0.280E+03  0.644E+14  0.186E-21  0.186E-21
  0.390E+03  0.927E+14  0.750E-22  0.750E-22
  0.443E+03  0.107E+15  0.523E-22  0.523E-22
  0.518E+03  0.128E+15  0.333E-22  0.333E-22
  0.617E+03  0.157E+15  0.200E-22  0.200E-22
  0.820E+03  0.224E+15  0.830E-23  0.830E-23
  0.103E+04  0.304E+15  0.383E-23  0.383E-23
