 DENS, T, fainum_exp
  0.100E+11  0.250E+04  0.798E+14
 lAMBDA, n, np
  0.367E+04  0.200E+01  0.280E+02
 45
  0.000E+00  0.000E+00  0.281E-10  0.794E-10
  0.146E-03  0.325E+08  0.281E-10  0.794E-10
  0.231E-03  0.515E+08  0.281E-10  0.794E-10
  0.366E-03  0.817E+08  0.281E-10  0.793E-10
  0.580E-03  0.129E+09  0.281E-10  0.793E-10
  0.920E-03  0.205E+09  0.281E-10  0.793E-10
  0.146E-02  0.325E+09  0.281E-10  0.792E-10
  0.231E-02  0.515E+09  0.280E-10  0.789E-10
  0.366E-02  0.817E+09  0.280E-10  0.781E-10
  0.580E-02  0.129E+10  0.279E-10  0.761E-10
  0.920E-02  0.205E+10  0.278E-10  0.711E-10
  0.146E-01  0.325E+10  0.273E-10  0.596E-10
  0.231E-01  0.515E+10  0.261E-10  0.389E-10
  0.366E-01  0.817E+10  0.235E-10  0.170E-10
  0.580E-01  0.129E+11  0.180E-10  0.540E-11
  0.919E-01  0.205E+11  0.942E-11  0.159E-11
  0.146E+00  0.325E+11  0.212E-11  0.474E-12
  0.231E+00  0.515E+11  0.223E-12  0.144E-12
  0.365E+00  0.815E+11  0.490E-13  0.432E-13
  0.578E+00  0.129E+12  0.140E-13  0.135E-13
  0.914E+00  0.204E+12  0.433E-14  0.426E-14
  0.144E+01  0.322E+12  0.136E-14  0.135E-14
  0.228E+01  0.508E+12  0.433E-15  0.432E-15
  0.358E+01  0.799E+12  0.139E-15  0.139E-15
  0.560E+01  0.125E+13  0.452E-16  0.452E-16
  0.870E+01  0.195E+13  0.149E-16  0.149E-16
  0.134E+02  0.299E+13  0.506E-17  0.506E-17
  0.202E+02  0.454E+13  0.177E-17  0.177E-17
  0.299E+02  0.672E+13  0.658E-18  0.658E-18
  0.428E+02  0.965E+13  0.264E-18  0.264E-18
  0.494E+02  0.112E+14  0.185E-18  0.185E-18
  0.721E+02  0.164E+14  0.753E-19  0.753E-19
  0.806E+02  0.184E+14  0.561E-19  0.561E-19
  0.101E+03  0.233E+14  0.306E-19  0.306E-19
  0.119E+03  0.274E+14  0.202E-19  0.202E-19
  0.170E+03  0.399E+14  0.796E-20  0.796E-20
  0.193E+03  0.454E+14  0.576E-20  0.576E-20
  0.234E+03  0.558E+14  0.343E-20  0.343E-20
  0.278E+03  0.672E+14  0.216E-20  0.216E-20
  0.387E+03  0.965E+14  0.872E-21  0.872E-21
  0.441E+03  0.112E+15  0.605E-21  0.605E-21
  0.513E+03  0.133E+15  0.390E-21  0.390E-21
  0.612E+03  0.164E+15  0.232E-21  0.232E-21
  0.812E+03  0.233E+15  0.968E-22  0.968E-22
  0.102E+04  0.316E+15  0.450E-22  0.450E-22
