 DENS, T, fainum_exp
  0.100E+11  0.250E+04  0.798E+14
 lAMBDA, n, np
  0.367E+04  0.200E+01  0.280E+02

  0.000E+00  0.259E-13  0.733E-13  0.284E+19
  0.352E+11  0.259E-13  0.734E-13  0.284E+19
  0.558E+11  0.259E-13  0.733E-13  0.284E+19
  0.885E+11  0.259E-13  0.733E-13  0.284E+19
  0.140E+12  0.259E-13  0.733E-13  0.284E+19
  0.222E+12  0.259E-13  0.733E-13  0.284E+19
  0.352E+12  0.259E-13  0.731E-13  0.284E+19
  0.558E+12  0.259E-13  0.728E-13  0.284E+19
  0.884E+12  0.259E-13  0.721E-13  0.284E+19
  0.140E+13  0.258E-13  0.702E-13  0.284E+19
  0.222E+13  0.256E-13  0.657E-13  0.284E+19
  0.352E+13  0.252E-13  0.551E-13  0.284E+19
  0.558E+13  0.241E-13  0.359E-13  0.284E+19
  0.884E+13  0.217E-13  0.157E-13  0.284E+19
  0.140E+14  0.167E-13  0.499E-14  0.284E+19
  0.222E+14  0.869E-14  0.147E-14  0.284E+19
  0.352E+14  0.196E-14  0.437E-15  0.284E+19
  0.557E+14  0.205E-15  0.133E-15  0.284E+19
  0.882E+14  0.452E-16  0.399E-16  0.284E+19
  0.140E+15  0.130E-16  0.124E-16  0.284E+19
  0.221E+15  0.400E-17  0.393E-17  0.284E+19
  0.349E+15  0.126E-17  0.125E-17  0.284E+19
  0.551E+15  0.400E-18  0.399E-18  0.284E+19
  0.866E+15  0.129E-18  0.128E-18  0.284E+19
  0.136E+16  0.418E-19  0.418E-19  0.284E+19
  0.211E+16  0.138E-19  0.138E-19  0.284E+19
  0.324E+16  0.467E-20  0.467E-20  0.284E+19
  0.491E+16  0.164E-20  0.164E-20  0.284E+19
  0.728E+16  0.607E-21  0.607E-21  0.284E+19
  0.105E+17  0.244E-21  0.244E-21  0.284E+19
  0.121E+17  0.171E-21  0.171E-21  0.284E+19
  0.178E+17  0.695E-22  0.695E-22  0.284E+19
  0.199E+17  0.518E-22  0.518E-22  0.284E+19
  0.252E+17  0.283E-22  0.283E-22  0.284E+19
  0.297E+17  0.187E-22  0.187E-22  0.284E+19
  0.432E+17  0.735E-23  0.735E-23  0.284E+19
  0.491E+17  0.532E-23  0.532E-23  0.284E+19
  0.604E+17  0.317E-23  0.317E-23  0.284E+19
  0.728E+17  0.199E-23  0.199E-23  0.284E+19
  0.105E+18  0.806E-24  0.806E-24  0.284E+19
  0.121E+18  0.559E-24  0.559E-24  0.284E+19
  0.144E+18  0.360E-24  0.360E-24  0.284E+19
  0.178E+18  0.214E-24  0.214E-24  0.284E+19
  0.252E+18  0.893E-25  0.893E-25  0.284E+19
  0.342E+18  0.415E-25  0.415E-25  0.284E+19
